0.000000    -3.900000     3.900000
0.001000    -3.893682     3.906249
0.002000    -3.887296     3.912428
0.003000    -3.880842     3.918539
0.004000    -3.874319     3.924579
0.005000    -3.867729     3.930550
0.006000    -3.861071     3.936451
0.007000    -3.854346     3.942282
0.008000    -3.847553     3.948042
0.009000    -3.840694     3.953731
0.010000    -3.833769     3.959350
0.011000    -3.826777     3.964897
0.012000    -3.819719     3.970373
0.013000    -3.812596     3.975777
0.014000    -3.805407     3.981110
0.015000    -3.798153     3.986370
0.016000    -3.790835     3.991558
0.017000    -3.783452     3.996674
0.018000    -3.776004     4.001717
0.019000    -3.768493     4.006687
0.020000    -3.760918     4.011584
0.021000    -3.753279     4.016408
0.022000    -3.745578     4.021158
0.023000    -3.737814     4.025835
0.024000    -3.729987     4.030438
0.025000    -3.722098     4.034967
0.026000    -3.714148     4.039422
0.027000    -3.706136     4.043802
0.028000    -3.698062     4.048108
0.029000    -3.689928     4.052340
0.030000    -3.681733     4.056496
0.031000    -3.673478     4.060577
0.032000    -3.665163     4.064583
0.033000    -3.656789     4.068514
0.034000    -3.648355     4.072369
0.035000    -3.639862     4.076149
0.036000    -3.631311     4.079853
0.037000    -3.622702     4.083481
0.038000    -3.614034     4.087032
0.039000    -3.605309     4.090508
0.040000    -3.596527     4.093907
0.041000    -3.587688     4.097229
0.042000    -3.578792     4.100475
0.043000    -3.569840     4.103644
0.044000    -3.560832     4.106736
0.045000    -3.551769     4.109751
0.046000    -3.542651     4.112689
0.047000    -3.533478     4.115550
0.048000    -3.524250     4.118333
0.049000    -3.514968     4.121039
0.050000    -3.505633     4.123667
0.051000    -3.496244     4.126217
0.052000    -3.486803     4.128690
0.053000    -3.477309     4.131085
0.054000    -3.467762     4.133401
0.055000    -3.458164     4.135640
0.056000    -3.448514     4.137800
0.057000    -3.438813     4.139882
0.058000    -3.429062     4.141886
0.059000    -3.419260     4.143811
0.060000    -3.409408     4.145657
0.061000    -3.399507     4.147425
0.062000    -3.389556     4.149115
0.063000    -3.379557     4.150725
0.064000    -3.369509     4.152257
0.065000    -3.359414     4.153710
0.066000    -3.349271     4.155083
0.067000    -3.339080     4.156378
0.068000    -3.328843     4.157594
0.069000    -3.318559     4.158731
0.070000    -3.308229     4.159788
0.071000    -3.297854     4.160766
0.072000    -3.287434     4.161665
0.073000    -3.276969     4.162485
0.074000    -3.266459     4.163225
0.075000    -3.255905     4.163886
0.076000    -3.245308     4.164468
0.077000    -3.234668     4.164970
0.078000    -3.223985     4.165393
0.079000    -3.213260     4.165736
0.080000    -3.202493     4.166000
0.081000    -3.191684     4.166184
0.082000    -3.180834     4.166289
0.083000    -3.169944     4.166314
0.084000    -3.159014     4.166260
0.085000    -3.148043     4.166126
0.086000    -3.137034     4.165913
0.087000    -3.125985     4.165620
0.088000    -3.114899     4.165248
0.089000    -3.103774     4.164796
0.090000    -3.092611     4.164265
0.091000    -3.081411     4.163654
0.092000    -3.070175     4.162964
0.093000    -3.058902     4.162194
0.094000    -3.047593     4.161345
0.095000    -3.036249     4.160416
0.096000    -3.024870     4.159408
0.097000    -3.013457     4.158321
0.098000    -3.002009     4.157155
0.099000    -2.990528     4.155909
0.100000    -2.979014     4.154584
0.101000    -2.967467     4.153180
0.102000    -2.955887     4.151697
0.103000    -2.944276     4.150135
0.104000    -2.932633     4.148494
0.105000    -2.920960     4.146774
0.106000    -2.909255     4.144975
0.107000    -2.897521     4.143097
0.108000    -2.885758     4.141140
0.109000    -2.873965     4.139105
0.110000    -2.862144     4.136991
0.111000    -2.850294     4.134799
0.112000    -2.838417     4.132529
0.113000    -2.826512     4.130179
0.114000    -2.814581     4.127752
0.115000    -2.802623     4.125247
0.116000    -2.790639     4.122663
0.117000    -2.778630     4.120001
0.118000    -2.766596     4.117262
0.119000    -2.754538     4.114445
0.120000    -2.742456     4.111550
0.121000    -2.730350     4.108577
0.122000    -2.718221     4.105527
0.123000    -2.706069     4.102400
0.124000    -2.693895     4.099195
0.125000    -2.681700     4.095914
0.126000    -2.669484     4.092555
0.127000    -2.657246     4.089119
0.128000    -2.644989     4.085607
0.129000    -2.632712     4.082018
0.130000    -2.620415     4.078352
0.131000    -2.608100     4.074611
0.132000    -2.595766     4.070793
0.133000    -2.583415     4.066899
0.134000    -2.571046     4.062929
0.135000    -2.558661     4.058883
0.136000    -2.546259     4.054761
0.137000    -2.533841     4.050565
0.138000    -2.521407     4.046292
0.139000    -2.508959     4.041945
0.140000    -2.496496     4.037523
0.141000    -2.484019     4.033025
0.142000    -2.471529     4.028454
0.143000    -2.459026     4.023807
0.144000    -2.446510     4.019087
0.145000    -2.433982     4.014292
0.146000    -2.421442     4.009423
0.147000    -2.408892     4.004481
0.148000    -2.396331     3.999465
0.149000    -2.383759     3.994375
0.150000    -2.371178     3.989212
0.151000    -2.358588     3.983977
0.152000    -2.345990     3.978668
0.153000    -2.333383     3.973287
0.154000    -2.320768     3.967833
0.155000    -2.308146     3.962307
0.156000    -2.295518     3.956709
0.157000    -2.282883     3.951040
0.158000    -2.270242     3.945299
0.159000    -2.257597     3.939486
0.160000    -2.244946     3.933602
0.161000    -2.232291     3.927647
0.162000    -2.219633     3.921622
0.163000    -2.206971     3.915526
0.164000    -2.194306     3.909360
0.165000    -2.181639     3.903123
0.166000    -2.168970     3.896817
0.167000    -2.156300     3.890442
0.168000    -2.143629     3.883997
0.169000    -2.130958     3.877483
0.170000    -2.118286     3.870900
0.171000    -2.105616     3.864248
0.172000    -2.092946     3.857528
0.173000    -2.080278     3.850741
0.174000    -2.067612     3.843885
0.175000    -2.054948     3.836961
0.176000    -2.042288     3.829971
0.177000    -2.029631     3.822913
0.178000    -2.016978     3.815788
0.179000    -2.004329     3.808597
0.180000    -1.991686     3.801340
0.181000    -1.979048     3.794017
0.182000    -1.966416     3.786627
0.183000    -1.953790     3.779173
0.184000    -1.941171     3.771653
0.185000    -1.928559     3.764069
0.186000    -1.915956     3.756419
0.187000    -1.903360     3.748706
0.188000    -1.890774     3.740928
0.189000    -1.878197     3.733087
0.190000    -1.865629     3.725182
0.191000    -1.853072     3.717214
0.192000    -1.840526     3.709184
0.193000    -1.827991     3.701090
0.194000    -1.815467     3.692935
0.195000    -1.802956     3.684717
0.196000    -1.790457     3.676438
0.197000    -1.777971     3.668097
0.198000    -1.765499     3.659696
0.199000    -1.753041     3.651234
0.200000    -1.740598     3.642711
0.201000    -1.728170     3.634128
0.202000    -1.715757     3.625486
0.203000    -1.703360     3.616784
0.204000    -1.690979     3.608023
0.205000    -1.678615     3.599203
0.206000    -1.666269     3.590324
0.207000    -1.653940     3.581388
0.208000    -1.641630     3.572393
0.209000    -1.629339     3.563342
0.210000    -1.617066     3.554233
0.211000    -1.604814     3.545067
0.212000    -1.592581     3.535845
0.213000    -1.580369     3.526566
0.214000    -1.568178     3.517232
0.215000    -1.556009     3.507843
0.216000    -1.543862     3.498398
0.217000    -1.531737     3.488898
0.218000    -1.519635     3.479345
0.219000    -1.507556     3.469737
0.220000    -1.495501     3.460075
0.221000    -1.483470     3.450360
0.222000    -1.471464     3.440593
0.223000    -1.459483     3.430772
0.224000    -1.447527     3.420899
0.225000    -1.435598     3.410975
0.226000    -1.423695     3.400999
0.227000    -1.411819     3.390971
0.228000    -1.399970     3.380893
0.229000    -1.388150     3.370765
0.230000    -1.376357     3.360586
0.231000    -1.364593     3.350358
0.232000    -1.352858     3.340081
0.233000    -1.341153     3.329754
0.234000    -1.329477     3.319379
0.235000    -1.317832     3.308956
0.236000    -1.306218     3.298485
0.237000    -1.294635     3.287967
0.238000    -1.283084     3.277401
0.239000    -1.271564     3.266789
0.240000    -1.260078     3.256131
0.241000    -1.248624     3.245427
0.242000    -1.237204     3.234678
0.243000    -1.225817     3.223883
0.244000    -1.214465     3.213044
0.245000    -1.203147     3.202160
0.246000    -1.191864     3.191232
0.247000    -1.180617     3.180261
0.248000    -1.169405     3.169247
0.249000    -1.158230     3.158190
0.250000    -1.147091     3.147091
0.251000    -1.135989     3.135950
0.252000    -1.124925     3.124767
0.253000    -1.113899     3.113544
0.254000    -1.102911     3.102279
0.255000    -1.091961     3.090974
0.256000    -1.081051     3.079630
0.257000    -1.070180     3.068246
0.258000    -1.059349     3.056823
0.259000    -1.048558     3.045361
0.260000    -1.037807     3.033861
0.261000    -1.027098     3.022323
0.262000    -1.016430     3.010747
0.263000    -1.005803     2.999135
0.264000    -0.995219     2.987486
0.265000    -0.984677     2.975801
0.266000    -0.974178     2.964080
0.267000    -0.963722     2.952324
0.268000    -0.953310     2.940532
0.269000    -0.942941     2.928706
0.270000    -0.932617     2.916847
0.271000    -0.922338     2.904953
0.272000    -0.912103     2.893026
0.273000    -0.901914     2.881066
0.274000    -0.891771     2.869074
0.275000    -0.881673     2.857050
0.276000    -0.871622     2.844994
0.277000    -0.861618     2.832907
0.278000    -0.851661     2.820790
0.279000    -0.841751     2.808642
0.280000    -0.831889     2.796464
0.281000    -0.822076     2.784257
0.282000    -0.812310     2.772020
0.283000    -0.802594     2.759755
0.284000    -0.792926     2.747462
0.285000    -0.783308     2.735141
0.286000    -0.773739     2.722793
0.287000    -0.764221     2.710418
0.288000    -0.754753     2.698016
0.289000    -0.745335     2.685588
0.290000    -0.735969     2.673135
0.291000    -0.726653     2.660656
0.292000    -0.717390     2.648153
0.293000    -0.708178     2.635625
0.294000    -0.699018     2.623074
0.295000    -0.689911     2.610498
0.296000    -0.680857     2.597900
0.297000    -0.671855     2.585279
0.298000    -0.662907     2.572636
0.299000    -0.654013     2.559971
0.300000    -0.645172     2.547285
0.301000    -0.636385     2.534578
0.302000    -0.627653     2.521850
0.303000    -0.618976     2.509102
0.304000    -0.610354     2.496335
0.305000    -0.601786     2.483548
0.306000    -0.593275     2.470742
0.307000    -0.584819     2.457918
0.308000    -0.576419     2.445076
0.309000    -0.568075     2.432217
0.310000    -0.559787     2.419340
0.311000    -0.551557     2.406447
0.312000    -0.543383     2.393537
0.313000    -0.535266     2.380612
0.314000    -0.527207     2.367671
0.315000    -0.519206     2.354715
0.316000    -0.511262     2.341745
0.317000    -0.503377     2.328760
0.318000    -0.495549     2.315761
0.319000    -0.487781     2.302749
0.320000    -0.480071     2.289725
0.321000    -0.472419     2.276687
0.322000    -0.464827     2.263638
0.323000    -0.457295     2.250577
0.324000    -0.449822     2.237504
0.325000    -0.442408     2.224421
0.326000    -0.435054     2.211327
0.327000    -0.427761     2.198223
0.328000    -0.420528     2.185110
0.329000    -0.413355     2.171987
0.330000    -0.406242     2.158856
0.331000    -0.399191     2.145716
0.332000    -0.392200     2.132568
0.333000    -0.385270     2.119412
0.334000    -0.378402     2.106249
0.335000    -0.371595     2.093079
0.336000    -0.364850     2.079903
0.337000    -0.358166     2.066721
0.338000    -0.351544     2.053533
0.339000    -0.344984     2.040339
0.340000    -0.338485     2.027141
0.341000    -0.332049     2.013939
0.342000    -0.325676     2.000732
0.343000    -0.319365     1.987521
0.344000    -0.313116     1.974308
0.345000    -0.306930     1.961091
0.346000    -0.300806     1.947872
0.347000    -0.294746     1.934650
0.348000    -0.288748     1.921427
0.349000    -0.282813     1.908202
0.350000    -0.276942     1.894976
0.351000    -0.271133     1.881749
0.352000    -0.265388     1.868522
0.353000    -0.259706     1.855295
0.354000    -0.254088     1.842068
0.355000    -0.248532     1.828842
0.356000    -0.243041     1.815618
0.357000    -0.237612     1.802394
0.358000    -0.232248     1.789172
0.359000    -0.226947     1.775953
0.360000    -0.221709     1.762736
0.361000    -0.216536     1.749522
0.362000    -0.211426     1.736311
0.363000    -0.206379     1.723103
0.364000    -0.201396     1.709899
0.365000    -0.196478     1.696700
0.366000    -0.191622     1.683505
0.367000    -0.186831     1.670314
0.368000    -0.182103     1.657129
0.369000    -0.177439     1.643950
0.370000    -0.172839     1.630776
0.371000    -0.168302     1.617608
0.372000    -0.163829     1.604447
0.373000    -0.159419     1.591292
0.374000    -0.155073     1.578145
0.375000    -0.150791     1.565004
0.376000    -0.146572     1.551872
0.377000    -0.142416     1.538747
0.378000    -0.138324     1.525631
0.379000    -0.134295     1.512523
0.380000    -0.130330     1.499424
0.381000    -0.126427     1.486334
0.382000    -0.122588     1.473253
0.383000    -0.118811     1.460182
0.384000    -0.115098     1.447121
0.385000    -0.111447     1.434070
0.386000    -0.107858     1.421030
0.387000    -0.104333     1.408000
0.388000    -0.100870     1.394982
0.389000    -0.097469     1.381974
0.390000    -0.094130     1.368978
0.391000    -0.090853     1.355994
0.392000    -0.087639     1.343021
0.393000    -0.084486     1.330061
0.394000    -0.081395     1.317114
0.395000    -0.078365     1.304179
0.396000    -0.075396     1.291257
0.397000    -0.072489     1.278348
0.398000    -0.069643     1.265453
0.399000    -0.066857     1.252571
0.400000    -0.064132     1.239703
0.401000    -0.061468     1.226849
0.402000    -0.058863     1.214009
0.403000    -0.056319     1.201184
0.404000    -0.053835     1.188373
0.405000    -0.051410     1.175577
0.406000    -0.049045     1.162796
0.407000    -0.046739     1.150031
0.408000    -0.044492     1.137281
0.409000    -0.042304     1.124546
0.410000    -0.040174     1.111827
0.411000    -0.038102     1.099125
0.412000    -0.036089     1.086438
0.413000    -0.034133     1.073768
0.414000    -0.032235     1.061114
0.415000    -0.030394     1.048477
0.416000    -0.028611     1.035857
0.417000    -0.026884     1.023254
0.418000    -0.025214     1.010668
0.419000    -0.023599     0.998100
0.420000    -0.022041     0.985549
0.421000    -0.020539     0.973015
0.422000    -0.019092     0.960500
0.423000    -0.017700     0.948002
0.424000    -0.016363     0.935523
0.425000    -0.015081     0.923062
0.426000    -0.013853     0.910620
0.427000    -0.012680     0.898196
0.428000    -0.011560     0.885791
0.429000    -0.010493     0.873405
0.430000    -0.009480     0.861038
0.431000    -0.008519     0.848691
0.432000    -0.007612     0.836363
0.433000    -0.006756     0.824055
0.434000    -0.005953     0.811766
0.435000    -0.005202     0.799498
0.436000    -0.004502     0.787250
0.437000    -0.003854     0.775022
0.438000    -0.003257     0.762815
0.439000    -0.002711     0.750629
0.440000    -0.002215     0.738464
0.441000    -0.001770     0.726321
0.442000    -0.001375     0.714199
0.443000    -0.001031     0.702099
0.444000    -0.000736     0.690022
0.445000    -0.000491     0.677966
0.446000    -0.000295     0.665934
0.447000    -0.000149     0.653925
0.448000    -0.000052     0.641940
0.449000    -0.000005     0.629978
0.450000    -0.000007     0.618041
0.451000    -0.000059     0.606129
0.452000    -0.000159     0.594242
0.453000    -0.000309     0.582382
0.454000    -0.000509     0.570548
0.455000    -0.000759     0.558741
0.456000    -0.001058     0.546962
0.457000    -0.001408     0.535212
0.458000    -0.001808     0.523491
0.459000    -0.002259     0.511801
0.460000    -0.002762     0.500142
0.461000    -0.003317     0.488515
0.462000    -0.003925     0.476923
0.463000    -0.004586     0.465365
0.464000    -0.005302     0.453844
0.465000    -0.006074     0.442360
0.466000    -0.006902     0.430916
0.467000    -0.007789     0.419514
0.468000    -0.008735     0.408155
0.469000    -0.009743     0.396842
0.470000    -0.010815     0.385577
0.471000    -0.011952     0.374363
0.472000    -0.013157     0.363203
0.473000    -0.014434     0.352101
0.474000    -0.015784     0.341059
0.475000    -0.017213     0.330082
0.476000    -0.018723     0.319174
0.477000    -0.020319     0.308340
0.478000    -0.022005     0.297586
0.479000    -0.023788     0.286917
0.480000    -0.025673     0.276340
0.481000    -0.027667     0.265862
0.482000    -0.029777     0.255490
0.483000    -0.032011     0.245234
0.484000    -0.034378     0.235102
0.485000    -0.036888     0.225104
0.486000    -0.039550     0.215252
0.487000    -0.042377     0.205558
0.488000    -0.045379     0.196033
0.489000    -0.048571     0.186691
0.490000    -0.051965     0.177546
0.491000    -0.055576     0.168613
0.492000    -0.059417     0.159906
0.493000    -0.063503     0.151440
0.494000    -0.067848     0.143229
0.495000    -0.072465     0.135287
0.496000    -0.077367     0.127627
0.497000    -0.082563     0.120260
0.498000    -0.088064     0.113196
0.499000    -0.093875     0.106441
0.500000    -0.100000     0.100000
0.501000    -0.106441     0.093875
0.502000    -0.113196     0.088064
0.503000    -0.120260     0.082563
0.504000    -0.127627     0.077367
0.505000    -0.135287     0.072465
0.506000    -0.143229     0.067848
0.507000    -0.151440     0.063503
0.508000    -0.159906     0.059417
0.509000    -0.168613     0.055576
0.510000    -0.177546     0.051965
0.511000    -0.186691     0.048571
0.512000    -0.196033     0.045379
0.513000    -0.205558     0.042377
0.514000    -0.215252     0.039550
0.515000    -0.225104     0.036888
0.516000    -0.235102     0.034378
0.517000    -0.245234     0.032011
0.518000    -0.255490     0.029777
0.519000    -0.265862     0.027667
0.520000    -0.276340     0.025673
0.521000    -0.286917     0.023788
0.522000    -0.297586     0.022005
0.523000    -0.308340     0.020319
0.524000    -0.319174     0.018723
0.525000    -0.330082     0.017213
0.526000    -0.341059     0.015784
0.527000    -0.352101     0.014434
0.528000    -0.363203     0.013157
0.529000    -0.374363     0.011952
0.530000    -0.385577     0.010815
0.531000    -0.396842     0.009743
0.532000    -0.408155     0.008735
0.533000    -0.419514     0.007789
0.534000    -0.430916     0.006902
0.535000    -0.442360     0.006074
0.536000    -0.453844     0.005302
0.537000    -0.465365     0.004586
0.538000    -0.476923     0.003925
0.539000    -0.488515     0.003317
0.540000    -0.500142     0.002762
0.541000    -0.511801     0.002259
0.542000    -0.523491     0.001808
0.543000    -0.535212     0.001408
0.544000    -0.546962     0.001058
0.545000    -0.558741     0.000759
0.546000    -0.570548     0.000509
0.547000    -0.582382     0.000309
0.548000    -0.594242     0.000159
0.549000    -0.606129     0.000059
0.550000    -0.618041     0.000007
0.551000    -0.629978     0.000005
0.552000    -0.641940     0.000052
0.553000    -0.653925     0.000149
0.554000    -0.665934     0.000295
0.555000    -0.677966     0.000491
0.556000    -0.690022     0.000736
0.557000    -0.702099     0.001031
0.558000    -0.714199     0.001375
0.559000    -0.726321     0.001770
0.560000    -0.738464     0.002215
0.561000    -0.750629     0.002711
0.562000    -0.762815     0.003257
0.563000    -0.775022     0.003854
0.564000    -0.787250     0.004502
0.565000    -0.799498     0.005202
0.566000    -0.811766     0.005953
0.567000    -0.824055     0.006756
0.568000    -0.836363     0.007612
0.569000    -0.848691     0.008519
0.570000    -0.861038     0.009480
0.571000    -0.873405     0.010493
0.572000    -0.885791     0.011560
0.573000    -0.898196     0.012680
0.574000    -0.910620     0.013853
0.575000    -0.923062     0.015081
0.576000    -0.935523     0.016363
0.577000    -0.948002     0.017700
0.578000    -0.960500     0.019092
0.579000    -0.973015     0.020539
0.580000    -0.985549     0.022041
0.581000    -0.998100     0.023599
0.582000    -1.010668     0.025214
0.583000    -1.023254     0.026884
0.584000    -1.035857     0.028611
0.585000    -1.048477     0.030394
0.586000    -1.061114     0.032235
0.587000    -1.073768     0.034133
0.588000    -1.086438     0.036089
0.589000    -1.099125     0.038102
0.590000    -1.111827     0.040174
0.591000    -1.124546     0.042304
0.592000    -1.137281     0.044492
0.593000    -1.150031     0.046739
0.594000    -1.162796     0.049045
0.595000    -1.175577     0.051410
0.596000    -1.188373     0.053835
0.597000    -1.201184     0.056319
0.598000    -1.214009     0.058863
0.599000    -1.226849     0.061468
0.600000    -1.239703     0.064132
0.601000    -1.252571     0.066857
0.602000    -1.265453     0.069643
0.603000    -1.278348     0.072489
0.604000    -1.291257     0.075396
0.605000    -1.304179     0.078365
0.606000    -1.317114     0.081395
0.607000    -1.330061     0.084486
0.608000    -1.343021     0.087639
0.609000    -1.355994     0.090853
0.610000    -1.368978     0.094130
0.611000    -1.381974     0.097469
0.612000    -1.394982     0.100870
0.613000    -1.408000     0.104333
0.614000    -1.421030     0.107858
0.615000    -1.434070     0.111447
0.616000    -1.447121     0.115098
0.617000    -1.460182     0.118811
0.618000    -1.473253     0.122588
0.619000    -1.486334     0.126427
0.620000    -1.499424     0.130330
0.621000    -1.512523     0.134295
0.622000    -1.525631     0.138324
0.623000    -1.538747     0.142416
0.624000    -1.551872     0.146572
0.625000    -1.565004     0.150791
0.626000    -1.578145     0.155073
0.627000    -1.591292     0.159419
0.628000    -1.604447     0.163829
0.629000    -1.617608     0.168302
0.630000    -1.630776     0.172839
0.631000    -1.643950     0.177439
0.632000    -1.657129     0.182103
0.633000    -1.670314     0.186831
0.634000    -1.683505     0.191622
0.635000    -1.696700     0.196478
0.636000    -1.709899     0.201396
0.637000    -1.723103     0.206379
0.638000    -1.736311     0.211426
0.639000    -1.749522     0.216536
0.640000    -1.762736     0.221709
0.641000    -1.775953     0.226947
0.642000    -1.789172     0.232248
0.643000    -1.802394     0.237612
0.644000    -1.815618     0.243041
0.645000    -1.828842     0.248532
0.646000    -1.842068     0.254088
0.647000    -1.855295     0.259706
0.648000    -1.868522     0.265388
0.649000    -1.881749     0.271133
0.650000    -1.894976     0.276942
0.651000    -1.908202     0.282813
0.652000    -1.921427     0.288748
0.653000    -1.934650     0.294746
0.654000    -1.947872     0.300806
0.655000    -1.961091     0.306930
0.656000    -1.974308     0.313116
0.657000    -1.987521     0.319365
0.658000    -2.000732     0.325676
0.659000    -2.013939     0.332049
0.660000    -2.027141     0.338485
0.661000    -2.040339     0.344984
0.662000    -2.053533     0.351544
0.663000    -2.066721     0.358166
0.664000    -2.079903     0.364850
0.665000    -2.093079     0.371595
0.666000    -2.106249     0.378402
0.667000    -2.119412     0.385270
0.668000    -2.132568     0.392200
0.669000    -2.145716     0.399191
0.670000    -2.158856     0.406242
0.671000    -2.171987     0.413355
0.672000    -2.185110     0.420528
0.673000    -2.198223     0.427761
0.674000    -2.211327     0.435054
0.675000    -2.224421     0.442408
0.676000    -2.237504     0.449822
0.677000    -2.250577     0.457295
0.678000    -2.263638     0.464827
0.679000    -2.276687     0.472419
0.680000    -2.289725     0.480071
0.681000    -2.302749     0.487781
0.682000    -2.315761     0.495549
0.683000    -2.328760     0.503377
0.684000    -2.341745     0.511262
0.685000    -2.354715     0.519206
0.686000    -2.367671     0.527207
0.687000    -2.380612     0.535266
0.688000    -2.393537     0.543383
0.689000    -2.406447     0.551557
0.690000    -2.419340     0.559787
0.691000    -2.432217     0.568075
0.692000    -2.445076     0.576419
0.693000    -2.457918     0.584819
0.694000    -2.470742     0.593275
0.695000    -2.483548     0.601786
0.696000    -2.496335     0.610354
0.697000    -2.509102     0.618976
0.698000    -2.521850     0.627653
0.699000    -2.534578     0.636385
0.700000    -2.547285     0.645172
0.701000    -2.559971     0.654013
0.702000    -2.572636     0.662907
0.703000    -2.585279     0.671855
0.704000    -2.597900     0.680857
0.705000    -2.610498     0.689911
0.706000    -2.623074     0.699018
0.707000    -2.635625     0.708178
0.708000    -2.648153     0.717390
0.709000    -2.660656     0.726653
0.710000    -2.673135     0.735969
0.711000    -2.685588     0.745335
0.712000    -2.698016     0.754753
0.713000    -2.710418     0.764221
0.714000    -2.722793     0.773739
0.715000    -2.735141     0.783308
0.716000    -2.747462     0.792926
0.717000    -2.759755     0.802594
0.718000    -2.772020     0.812310
0.719000    -2.784257     0.822076
0.720000    -2.796464     0.831889
0.721000    -2.808642     0.841751
0.722000    -2.820790     0.851661
0.723000    -2.832907     0.861618
0.724000    -2.844994     0.871622
0.725000    -2.857050     0.881673
0.726000    -2.869074     0.891771
0.727000    -2.881066     0.901914
0.728000    -2.893026     0.912103
0.729000    -2.904953     0.922338
0.730000    -2.916847     0.932617
0.731000    -2.928706     0.942941
0.732000    -2.940532     0.953310
0.733000    -2.952324     0.963722
0.734000    -2.964080     0.974178
0.735000    -2.975801     0.984677
0.736000    -2.987486     0.995219
0.737000    -2.999135     1.005803
0.738000    -3.010747     1.016430
0.739000    -3.022323     1.027098
0.740000    -3.033861     1.037807
0.741000    -3.045361     1.048558
0.742000    -3.056823     1.059349
0.743000    -3.068246     1.070180
0.744000    -3.079630     1.081051
0.745000    -3.090974     1.091961
0.746000    -3.102279     1.102911
0.747000    -3.113544     1.113899
0.748000    -3.124767     1.124925
0.749000    -3.135950     1.135989
0.750000    -3.147091     1.147091
0.751000    -3.158190     1.158230
0.752000    -3.169247     1.169405
0.753000    -3.180261     1.180617
0.754000    -3.191232     1.191864
0.755000    -3.202160     1.203147
0.756000    -3.213044     1.214465
0.757000    -3.223883     1.225817
0.758000    -3.234678     1.237204
0.759000    -3.245427     1.248624
0.760000    -3.256131     1.260078
0.761000    -3.266789     1.271564
0.762000    -3.277401     1.283084
0.763000    -3.287967     1.294635
0.764000    -3.298485     1.306218
0.765000    -3.308956     1.317832
0.766000    -3.319379     1.329477
0.767000    -3.329754     1.341153
0.768000    -3.340081     1.352858
0.769000    -3.350358     1.364593
0.770000    -3.360586     1.376357
0.771000    -3.370765     1.388150
0.772000    -3.380893     1.399970
0.773000    -3.390971     1.411819
0.774000    -3.400999     1.423695
0.775000    -3.410975     1.435598
0.776000    -3.420899     1.447527
0.777000    -3.430772     1.459483
0.778000    -3.440593     1.471464
0.779000    -3.450360     1.483470
0.780000    -3.460075     1.495501
0.781000    -3.469737     1.507556
0.782000    -3.479345     1.519635
0.783000    -3.488898     1.531737
0.784000    -3.498398     1.543862
0.785000    -3.507843     1.556009
0.786000    -3.517232     1.568178
0.787000    -3.526566     1.580369
0.788000    -3.535845     1.592581
0.789000    -3.545067     1.604814
0.790000    -3.554233     1.617066
0.791000    -3.563342     1.629339
0.792000    -3.572393     1.641630
0.793000    -3.581388     1.653940
0.794000    -3.590324     1.666269
0.795000    -3.599203     1.678615
0.796000    -3.608023     1.690979
0.797000    -3.616784     1.703360
0.798000    -3.625486     1.715757
0.799000    -3.634128     1.728170
0.800000    -3.642711     1.740598
0.801000    -3.651234     1.753041
0.802000    -3.659696     1.765499
0.803000    -3.668097     1.777971
0.804000    -3.676438     1.790457
0.805000    -3.684717     1.802956
0.806000    -3.692935     1.815467
0.807000    -3.701090     1.827991
0.808000    -3.709184     1.840526
0.809000    -3.717214     1.853072
0.810000    -3.725182     1.865629
0.811000    -3.733087     1.878197
0.812000    -3.740928     1.890774
0.813000    -3.748706     1.903360
0.814000    -3.756419     1.915956
0.815000    -3.764069     1.928559
0.816000    -3.771653     1.941171
0.817000    -3.779173     1.953790
0.818000    -3.786627     1.966416
0.819000    -3.794017     1.979048
0.820000    -3.801340     1.991686
0.821000    -3.808597     2.004329
0.822000    -3.815788     2.016978
0.823000    -3.822913     2.029631
0.824000    -3.829971     2.042288
0.825000    -3.836961     2.054948
0.826000    -3.843885     2.067612
0.827000    -3.850741     2.080278
0.828000    -3.857528     2.092946
0.829000    -3.864248     2.105616
0.830000    -3.870900     2.118286
0.831000    -3.877483     2.130958
0.832000    -3.883997     2.143629
0.833000    -3.890442     2.156300
0.834000    -3.896817     2.168970
0.835000    -3.903123     2.181639
0.836000    -3.909360     2.194306
0.837000    -3.915526     2.206971
0.838000    -3.921622     2.219633
0.839000    -3.927647     2.232291
0.840000    -3.933602     2.244946
0.841000    -3.939486     2.257597
0.842000    -3.945299     2.270242
0.843000    -3.951040     2.282883
0.844000    -3.956709     2.295518
0.845000    -3.962307     2.308146
0.846000    -3.967833     2.320768
0.847000    -3.973287     2.333383
0.848000    -3.978668     2.345990
0.849000    -3.983977     2.358588
0.850000    -3.989212     2.371178
0.851000    -3.994375     2.383759
0.852000    -3.999465     2.396331
0.853000    -4.004481     2.408892
0.854000    -4.009423     2.421442
0.855000    -4.014292     2.433982
0.856000    -4.019087     2.446510
0.857000    -4.023807     2.459026
0.858000    -4.028454     2.471529
0.859000    -4.033025     2.484019
0.860000    -4.037523     2.496496
0.861000    -4.041945     2.508959
0.862000    -4.046292     2.521407
0.863000    -4.050565     2.533841
0.864000    -4.054761     2.546259
0.865000    -4.058883     2.558661
0.866000    -4.062929     2.571046
0.867000    -4.066899     2.583415
0.868000    -4.070793     2.595766
0.869000    -4.074611     2.608100
0.870000    -4.078352     2.620415
0.871000    -4.082018     2.632712
0.872000    -4.085607     2.644989
0.873000    -4.089119     2.657246
0.874000    -4.092555     2.669484
0.875000    -4.095914     2.681700
0.876000    -4.099195     2.693895
0.877000    -4.102400     2.706069
0.878000    -4.105527     2.718221
0.879000    -4.108577     2.730350
0.880000    -4.111550     2.742456
0.881000    -4.114445     2.754538
0.882000    -4.117262     2.766596
0.883000    -4.120001     2.778630
0.884000    -4.122663     2.790639
0.885000    -4.125247     2.802623
0.886000    -4.127752     2.814581
0.887000    -4.130179     2.826512
0.888000    -4.132529     2.838417
0.889000    -4.134799     2.850294
0.890000    -4.136991     2.862144
0.891000    -4.139105     2.873965
0.892000    -4.141140     2.885758
0.893000    -4.143097     2.897521
0.894000    -4.144975     2.909255
0.895000    -4.146774     2.920960
0.896000    -4.148494     2.932633
0.897000    -4.150135     2.944276
0.898000    -4.151697     2.955887
0.899000    -4.153180     2.967467
0.900000    -4.154584     2.979014
0.901000    -4.155909     2.990528
0.902000    -4.157155     3.002009
0.903000    -4.158321     3.013457
0.904000    -4.159408     3.024870
0.905000    -4.160416     3.036249
0.906000    -4.161345     3.047593
0.907000    -4.162194     3.058902
0.908000    -4.162964     3.070175
0.909000    -4.163654     3.081411
0.910000    -4.164265     3.092611
0.911000    -4.164796     3.103774
0.912000    -4.165248     3.114899
0.913000    -4.165620     3.125985
0.914000    -4.165913     3.137034
0.915000    -4.166126     3.148043
0.916000    -4.166260     3.159014
0.917000    -4.166314     3.169944
0.918000    -4.166289     3.180834
0.919000    -4.166184     3.191684
0.920000    -4.166000     3.202493
0.921000    -4.165736     3.213260
0.922000    -4.165393     3.223985
0.923000    -4.164970     3.234668
0.924000    -4.164468     3.245308
0.925000    -4.163886     3.255905
0.926000    -4.163225     3.266459
0.927000    -4.162485     3.276969
0.928000    -4.161665     3.287434
0.929000    -4.160766     3.297854
0.930000    -4.159788     3.308229
0.931000    -4.158731     3.318559
0.932000    -4.157594     3.328843
0.933000    -4.156378     3.339080
0.934000    -4.155083     3.349271
0.935000    -4.153710     3.359414
0.936000    -4.152257     3.369509
0.937000    -4.150725     3.379557
0.938000    -4.149115     3.389556
0.939000    -4.147425     3.399507
0.940000    -4.145657     3.409408
0.941000    -4.143811     3.419260
0.942000    -4.141886     3.429062
0.943000    -4.139882     3.438813
0.944000    -4.137800     3.448514
0.945000    -4.135640     3.458164
0.946000    -4.133401     3.467762
0.947000    -4.131085     3.477309
0.948000    -4.128690     3.486803
0.949000    -4.126217     3.496244
0.950000    -4.123667     3.505633
0.951000    -4.121039     3.514968
0.952000    -4.118333     3.524250
0.953000    -4.115550     3.533478
0.954000    -4.112689     3.542651
0.955000    -4.109751     3.551769
0.956000    -4.106736     3.560832
0.957000    -4.103644     3.569840
0.958000    -4.100475     3.578792
0.959000    -4.097229     3.587688
0.960000    -4.093907     3.596527
0.961000    -4.090508     3.605309
0.962000    -4.087032     3.614034
0.963000    -4.083481     3.622702
0.964000    -4.079853     3.631311
0.965000    -4.076149     3.639862
0.966000    -4.072369     3.648355
0.967000    -4.068514     3.656789
0.968000    -4.064583     3.665163
0.969000    -4.060577     3.673478
0.970000    -4.056496     3.681733
0.971000    -4.052340     3.689928
0.972000    -4.048108     3.698062
0.973000    -4.043802     3.706136
0.974000    -4.039422     3.714148
0.975000    -4.034967     3.722098
0.976000    -4.030438     3.729987
0.977000    -4.025835     3.737814
0.978000    -4.021158     3.745578
0.979000    -4.016408     3.753279
0.980000    -4.011584     3.760918
0.981000    -4.006687     3.768493
0.982000    -4.001717     3.776004
0.983000    -3.996674     3.783452
0.984000    -3.991558     3.790835
0.985000    -3.986370     3.798153
0.986000    -3.981110     3.805407
0.987000    -3.975777     3.812596
0.988000    -3.970373     3.819719
0.989000    -3.964897     3.826777
0.990000    -3.959350     3.833769
0.991000    -3.953731     3.840694
0.992000    -3.948042     3.847553
0.993000    -3.942282     3.854346
0.994000    -3.936451     3.861071
0.995000    -3.930550     3.867729
0.996000    -3.924579     3.874319
0.997000    -3.918539     3.880842
0.998000    -3.912428     3.887296
0.999000    -3.906249     3.893682
1.000000    -3.900000     3.900000
