0.000000    -4.500000    -1.500000     1.500000     4.500000
0.002002    -4.499944    -1.499977     1.499977     4.499944
0.004004    -4.499776    -1.499908     1.499908     4.499776
0.006006    -4.499496    -1.499792     1.499792     4.499496
0.008008    -4.499103    -1.499631     1.499631     4.499103
0.010010    -4.498599    -1.499423     1.499423     4.498599
0.012012    -4.497983    -1.499169     1.499169     4.497983
0.014014    -4.497255    -1.498869     1.498869     4.497255
0.016016    -4.496414    -1.498523     1.498523     4.496414
0.018018    -4.495462    -1.498131     1.498131     4.495462
0.020020    -4.494398    -1.497693     1.497693     4.494398
0.022022    -4.493222    -1.497209     1.497209     4.493222
0.024024    -4.491934    -1.496679     1.496679     4.491934
0.026026    -4.490535    -1.496102     1.496102     4.490535
0.028028    -4.489024    -1.495480     1.495480     4.489024
0.030030    -4.487401    -1.494812     1.494812     4.487401
0.032032    -4.485667    -1.494098     1.494098     4.485667
0.034034    -4.483821    -1.493337     1.493337     4.483821
0.036036    -4.481864    -1.492531     1.492531     4.481864
0.038038    -4.479795    -1.491680     1.491680     4.479795
0.040040    -4.477616    -1.490782     1.490782     4.477616
0.042042    -4.475325    -1.489838     1.489838     4.475325
0.044044    -4.472923    -1.488849     1.488849     4.472923
0.046046    -4.470410    -1.487814     1.487814     4.470410
0.048048    -4.467787    -1.486733     1.486733     4.467787
0.050050    -4.465052    -1.485607     1.485607     4.465052
0.052052    -4.462207    -1.484435     1.484435     4.462207
0.054054    -4.459252    -1.483218     1.483218     4.459252
0.056056    -4.456186    -1.481955     1.481955     4.456186
0.058058    -4.453010    -1.480646     1.480646     4.453010
0.060060    -4.449724    -1.479292     1.479292     4.449724
0.062062    -4.446328    -1.477893     1.477893     4.446328
0.064064    -4.442822    -1.476449     1.476449     4.442822
0.066066    -4.439207    -1.474959     1.474959     4.439207
0.068068    -4.435482    -1.473424     1.473424     4.435482
0.070070    -4.431647    -1.471844     1.471844     4.431647
0.072072    -4.427704    -1.470219     1.470219     4.427704
0.074074    -4.423651    -1.468549     1.468549     4.423651
0.076076    -4.419490    -1.466834     1.466834     4.419490
0.078078    -4.415220    -1.465074     1.465074     4.415220
0.080080    -4.410841    -1.463269     1.463269     4.410841
0.082082    -4.406354    -1.461420     1.461420     4.406354
0.084084    -4.401759    -1.459526     1.459526     4.401759
0.086086    -4.397056    -1.457587     1.457587     4.397056
0.088088    -4.392246    -1.455604     1.455604     4.392246
0.090090    -4.387327    -1.453576     1.453576     4.387327
0.092092    -4.382302    -1.451504     1.451504     4.382302
0.094094    -4.377170    -1.449388     1.449388     4.377170
0.096096    -4.371930    -1.447228     1.447228     4.371930
0.098098    -4.366584    -1.445023     1.445023     4.366584
0.100100    -4.361132    -1.442775     1.442775     4.361132
0.102102    -4.355573    -1.440482     1.440482     4.355573
0.104104    -4.349908    -1.438146     1.438146     4.349908
0.106106    -4.344138    -1.435766     1.435766     4.344138
0.108108    -4.338262    -1.433342     1.433342     4.338262
0.110110    -4.332281    -1.430874     1.430874     4.332281
0.112112    -4.326195    -1.428363     1.428363     4.326195
0.114114    -4.320005    -1.425809     1.425809     4.320005
0.116116    -4.313710    -1.423212     1.423212     4.313710
0.118118    -4.307310    -1.420571     1.420571     4.307310
0.120120    -4.300807    -1.417887     1.417887     4.300807
0.122122    -4.294200    -1.415160     1.415160     4.294200
0.124124    -4.287490    -1.412391     1.412391     4.287490
0.126126    -4.280677    -1.409578     1.409578     4.280677
0.128128    -4.273761    -1.406723     1.406723     4.273761
0.130130    -4.266743    -1.403826     1.403826     4.266743
0.132132    -4.259622    -1.400885     1.400885     4.259622
0.134134    -4.252400    -1.397903     1.397903     4.252400
0.136136    -4.245076    -1.394879     1.394879     4.245076
0.138138    -4.237651    -1.391812     1.391812     4.237651
0.140140    -4.230125    -1.388703     1.388703     4.230125
0.142142    -4.222498    -1.385553     1.385553     4.222498
0.144144    -4.214771    -1.382360     1.382360     4.214771
0.146146    -4.206944    -1.379127     1.379127     4.206944
0.148148    -4.199018    -1.375851     1.375851     4.199018
0.150150    -4.190992    -1.372535     1.372535     4.190992
0.152152    -4.182867    -1.369177     1.369177     4.182867
0.154154    -4.174644    -1.365778     1.365778     4.174644
0.156156    -4.166323    -1.362338     1.362338     4.166323
0.158158    -4.157903    -1.358857     1.358857     4.157903
0.160160    -4.149386    -1.355335     1.355335     4.149386
0.162162    -4.140773    -1.351773     1.351773     4.140773
0.164164    -4.132062    -1.348171     1.348171     4.132062
0.166166    -4.123255    -1.344528     1.344528     4.123255
0.168168    -4.114352    -1.340845     1.340845     4.114352
0.170170    -4.105353    -1.337122     1.337122     4.105353
0.172172    -4.096259    -1.333359     1.333359     4.096259
0.174174    -4.087071    -1.329557     1.329557     4.087071
0.176176    -4.077788    -1.325715     1.325715     4.077788
0.178178    -4.068410    -1.321833     1.321833     4.068410
0.180180    -4.058940    -1.317912     1.317912     4.058940
0.182182    -4.049376    -1.313953     1.313953     4.049376
0.184184    -4.039719    -1.309954     1.309954     4.039719
0.186186    -4.029970    -1.305916     1.305916     4.029970
0.188188    -4.020129    -1.301840     1.301840     4.020129
0.190190    -4.010196    -1.297725     1.297725     4.010196
0.192192    -4.000172    -1.293572     1.293572     4.000172
0.194194    -3.990058    -1.289381     1.289381     3.990058
0.196196    -3.979853    -1.285151     1.285151     3.979853
0.198198    -3.969559    -1.280884     1.280884     3.969559
0.200200    -3.959175    -1.276579     1.276579     3.959175
0.202202    -3.948702    -1.272237     1.272237     3.948702
0.204204    -3.938141    -1.267857     1.267857     3.938141
0.206206    -3.927492    -1.263440     1.263440     3.927492
0.208208    -3.916756    -1.258987     1.258987     3.916756
0.210210    -3.905932    -1.254496     1.254496     3.905932
0.212212    -3.895022    -1.249968     1.249968     3.895022
0.214214    -3.884026    -1.245405     1.245405     3.884026
0.216216    -3.872945    -1.240804     1.240804     3.872945
0.218218    -3.861778    -1.236168     1.236168     3.861778
0.220220    -3.850526    -1.231496     1.231496     3.850526
0.222222    -3.839191    -1.226788     1.226788     3.839191
0.224224    -3.827772    -1.222044     1.222044     3.827772
0.226226    -3.816270    -1.217265     1.217265     3.816270
0.228228    -3.804685    -1.212451     1.212451     3.804685
0.230230    -3.793018    -1.207602     1.207602     3.793018
0.232232    -3.781270    -1.202718     1.202718     3.781270
0.234234    -3.769440    -1.197799     1.197799     3.769440
0.236236    -3.757530    -1.192846     1.192846     3.757530
0.238238    -3.745540    -1.187858     1.187858     3.745540
0.240240    -3.733471    -1.182837     1.182837     3.733471
0.242242    -3.721322    -1.177781     1.177781     3.721322
0.244244    -3.709096    -1.172692     1.172692     3.709096
0.246246    -3.696791    -1.167570     1.167570     3.696791
0.248248    -3.684409    -1.162414     1.162414     3.684409
0.250250    -3.671950    -1.157225     1.157225     3.671950
0.252252    -3.659416    -1.152003     1.152003     3.659416
0.254254    -3.646805    -1.146749     1.146749     3.646805
0.256256    -3.634120    -1.141462     1.141462     3.634120
0.258258    -3.621360    -1.136143     1.136143     3.621360
0.260260    -3.608526    -1.130791     1.130791     3.608526
0.262262    -3.595619    -1.125408     1.125408     3.595619
0.264264    -3.582639    -1.119993     1.119993     3.582639
0.266266    -3.569587    -1.114547     1.114547     3.569587
0.268268    -3.556463    -1.109070     1.109070     3.556463
0.270270    -3.543269    -1.103562     1.103562     3.543269
0.272272    -3.530004    -1.098022     1.098022     3.530004
0.274274    -3.516669    -1.092453     1.092453     3.516669
0.276276    -3.503266    -1.086853     1.086853     3.503266
0.278278    -3.489793    -1.081222     1.081222     3.489793
0.280280    -3.476253    -1.075562     1.075562     3.476253
0.282282    -3.462645    -1.069873     1.069873     3.462645
0.284284    -3.448971    -1.064153     1.064153     3.448971
0.286286    -3.435231    -1.058405     1.058405     3.435231
0.288288    -3.421425    -1.052628     1.052628     3.421425
0.290290    -3.407554    -1.046821     1.046821     3.407554
0.292292    -3.393620    -1.040987     1.040987     3.393620
0.294294    -3.379622    -1.035124     1.035124     3.379622
0.296296    -3.365561    -1.029232     1.029232     3.365561
0.298298    -3.351437    -1.023313     1.023313     3.351437
0.300300    -3.337253    -1.017367     1.017367     3.337253
0.302302    -3.323007    -1.011393     1.011393     3.323007
0.304304    -3.308701    -1.005392     1.005392     3.308701
0.306306    -3.294336    -0.999364     0.999364     3.294336
0.308308    -3.279912    -0.993309     0.993309     3.279912
0.310310    -3.265429    -0.987228     0.987228     3.265429
0.312312    -3.250890    -0.981121     0.981121     3.250890
0.314314    -3.236293    -0.974987     0.974987     3.236293
0.316316    -3.221640    -0.968829     0.968829     3.221640
0.318318    -3.206932    -0.962644     0.962644     3.206932
0.320320    -3.192169    -0.956435     0.956435     3.192169
0.322322    -3.177352    -0.950200     0.950200     3.177352
0.324324    -3.162482    -0.943941     0.943941     3.162482
0.326326    -3.147559    -0.937658     0.937658     3.147559
0.328328    -3.132585    -0.931350     0.931350     3.132585
0.330330    -3.117559    -0.925019     0.925019     3.117559
0.332332    -3.102483    -0.918663     0.918663     3.102483
0.334334    -3.087357    -0.912285     0.912285     3.087357
0.336336    -3.072183    -0.905883     0.905883     3.072183
0.338338    -3.056960    -0.899458     0.899458     3.056960
0.340340    -3.041689    -0.893011     0.893011     3.041689
0.342342    -3.026372    -0.886541     0.886541     3.026372
0.344344    -3.011009    -0.880049     0.880049     3.011009
0.346346    -2.995601    -0.873536     0.873536     2.995601
0.348348    -2.980149    -0.867001     0.867001     2.980149
0.350350    -2.964652    -0.860445     0.860445     2.964652
0.352352    -2.949114    -0.853867     0.853867     2.949114
0.354354    -2.933532    -0.847269     0.847269     2.933532
0.356356    -2.917910    -0.840651     0.840651     2.917910
0.358358    -2.902247    -0.834012     0.834012     2.902247
0.360360    -2.886545    -0.827354     0.827354     2.886545
0.362362    -2.870803    -0.820676     0.820676     2.870803
0.364364    -2.855024    -0.813978     0.813978     2.855024
0.366366    -2.839207    -0.807262     0.807262     2.839207
0.368368    -2.823354    -0.800527     0.800527     2.823354
0.370370    -2.807465    -0.793773     0.793773     2.807465
0.372372    -2.791542    -0.787001     0.787001     2.791542
0.374374    -2.775584    -0.780212     0.780212     2.775584
0.376376    -2.759594    -0.773404     0.773404     2.759594
0.378378    -2.743571    -0.766580     0.766580     2.743571
0.380380    -2.727516    -0.759739     0.759739     2.727516
0.382382    -2.711432    -0.752881     0.752881     2.711432
0.384384    -2.695317    -0.746006     0.746006     2.695317
0.386386    -2.679174    -0.739116     0.739116     2.679174
0.388388    -2.663003    -0.732210     0.732210     2.663003
0.390390    -2.646804    -0.725288     0.725288     2.646804
0.392392    -2.630580    -0.718352     0.718352     2.630580
0.394394    -2.614330    -0.711400     0.711400     2.614330
0.396396    -2.598056    -0.704435     0.704435     2.598056
0.398398    -2.581759    -0.697455     0.697455     2.581759
0.400400    -2.565439    -0.690461     0.690461     2.565439
0.402402    -2.549098    -0.683454     0.683454     2.549098
0.404404    -2.532735    -0.676434     0.676434     2.532735
0.406406    -2.516354    -0.669401     0.669401     2.516354
0.408408    -2.499953    -0.662355     0.662355     2.499953
0.410410    -2.483535    -0.655298     0.655298     2.483535
0.412412    -2.467100    -0.648228     0.648228     2.467100
0.414414    -2.450649    -0.641148     0.641148     2.450649
0.416416    -2.434183    -0.634056     0.634056     2.434183
0.418418    -2.417703    -0.626954     0.626954     2.417703
0.420420    -2.401211    -0.619841     0.619841     2.401211
0.422422    -2.384706    -0.612719     0.612719     2.384706
0.424424    -2.368191    -0.605586     0.605586     2.368191
0.426426    -2.351666    -0.598445     0.598445     2.351666
0.428428    -2.335132    -0.591295     0.591295     2.335132
0.430430    -2.318591    -0.584137     0.584137     2.318591
0.432432    -2.302043    -0.576970     0.576970     2.302043
0.434434    -2.285489    -0.569796     0.569796     2.285489
0.436436    -2.268931    -0.562615     0.562615     2.268931
0.438438    -2.252369    -0.555427     0.555427     2.252369
0.440440    -2.235806    -0.548233     0.548233     2.235806
0.442442    -2.219241    -0.541033     0.541033     2.219241
0.444444    -2.202676    -0.533828     0.533828     2.202676
0.446446    -2.186112    -0.526617     0.526617     2.186112
0.448448    -2.169550    -0.519402     0.519402     2.169550
0.450450    -2.152992    -0.512183     0.512183     2.152992
0.452452    -2.136438    -0.504960     0.504960     2.136438
0.454454    -2.119891    -0.497734     0.497734     2.119891
0.456456    -2.103350    -0.490505     0.490505     2.103350
0.458458    -2.086818    -0.483274     0.483274     2.086818
0.460460    -2.070295    -0.476042     0.476042     2.070295
0.462462    -2.053783    -0.468808     0.468808     2.053783
0.464464    -2.037283    -0.461574     0.461574     2.037283
0.466466    -2.020796    -0.454339     0.454339     2.020796
0.468468    -2.004325    -0.447106     0.447106     2.004325
0.470470    -1.987869    -0.439873     0.439873     1.987869
0.472472    -1.971430    -0.432642     0.432642     1.971430
0.474474    -1.955011    -0.425413     0.425413     1.955011
0.476476    -1.938611    -0.418187     0.418187     1.938611
0.478478    -1.922233    -0.410964     0.410964     1.922233
0.480480    -1.905879    -0.403746     0.403746     1.905879
0.482482    -1.889548    -0.396532     0.396532     1.889548
0.484484    -1.873244    -0.389324     0.389324     1.873244
0.486486    -1.856967    -0.382122     0.382122     1.856967
0.488488    -1.840719    -0.374927     0.374927     1.840719
0.490490    -1.824502    -0.367739     0.367739     1.824502
0.492492    -1.808317    -0.360560     0.360560     1.808317
0.494494    -1.792166    -0.353390     0.353390     1.792166
0.496496    -1.776051    -0.346230     0.346230     1.776051
0.498498    -1.759973    -0.339081     0.339081     1.759973
0.500501    -1.743934    -0.331943     0.331943     1.743934
0.502503    -1.727935    -0.324818     0.324818     1.727935
0.504505    -1.711979    -0.317706     0.317706     1.711979
0.506507    -1.696068    -0.310609     0.310609     1.696068
0.508509    -1.680203    -0.303527     0.303527     1.680203
0.510511    -1.664386    -0.296462     0.296462     1.664386
0.512513    -1.648619    -0.289414     0.289414     1.648619
0.514515    -1.632904    -0.282385     0.282385     1.632904
0.516517    -1.617244    -0.275376     0.275376     1.617244
0.518519    -1.601640    -0.268387     0.268387     1.601640
0.520521    -1.586094    -0.261420     0.261420     1.586094
0.522523    -1.570609    -0.254477     0.254477     1.570609
0.524525    -1.555188    -0.247559     0.247559     1.555188
0.526527    -1.539831    -0.240666     0.240666     1.539831
0.528529    -1.524542    -0.233801     0.233801     1.524542
0.530531    -1.509324    -0.226965     0.226965     1.509324
0.532533    -1.494178    -0.220159     0.220159     1.494178
0.534535    -1.479107    -0.213386     0.213386     1.479107
0.536537    -1.464115    -0.206646     0.206646     1.464115
0.538539    -1.449203    -0.199942     0.199942     1.449203
0.540541    -1.434374    -0.193274     0.193274     1.434374
0.542543    -1.419633    -0.186647     0.186647     1.419633
0.544545    -1.404980    -0.180060     0.180060     1.404980
0.546547    -1.390420    -0.173516     0.173516     1.390420
0.548549    -1.375956    -0.167018     0.167018     1.375956
0.550551    -1.361590    -0.160567     0.160567     1.361590
0.552553    -1.347327    -0.154166     0.154166     1.347327
0.554555    -1.333170    -0.147817     0.147817     1.333170
0.556557    -1.319122    -0.141523     0.141523     1.319122
0.558559    -1.305187    -0.135287     0.135287     1.305187
0.560561    -1.291369    -0.129110     0.129110     1.291369
0.562563    -1.277672    -0.122997     0.122997     1.277672
0.564565    -1.264099    -0.116949     0.116949     1.264099
0.566567    -1.250656    -0.110971     0.110971     1.250656
0.568569    -1.237346    -0.105065     0.105065     1.237346
0.570571    -1.224174    -0.099235     0.099235     1.224174
0.572573    -1.211145    -0.093484     0.093484     1.211145
0.574575    -1.198263    -0.087816     0.087816     1.198263
0.576577    -1.185532    -0.082234     0.082234     1.185532
0.578579    -1.172959    -0.076743     0.076743     1.172959
0.580581    -1.160549    -0.071347     0.071347     1.160549
0.582583    -1.148306    -0.066050     0.066050     1.148306
0.584585    -1.136237    -0.060856     0.060856     1.136237
0.586587    -1.124346    -0.055771     0.055771     1.124346
0.588589    -1.112640    -0.050798     0.050798     1.112640
0.590591    -1.101125    -0.045943     0.045943     1.101125
0.592593    -1.089807    -0.041210     0.041210     1.089807
0.594595    -1.078692    -0.036606     0.036606     1.078692
0.596597    -1.067787    -0.032134     0.032134     1.067787
0.598599    -1.057097    -0.027801     0.027801     1.057097
0.600601    -1.046631    -0.023613     0.023613     1.046631
0.602603    -1.036394    -0.019574     0.019574     1.036394
0.604605    -1.026394    -0.015692     0.015692     1.026394
0.606607    -1.016637    -0.011971     0.011971     1.016637
0.608609    -1.007130    -0.008417     0.008417     1.007130
0.610611    -0.997881    -0.005038     0.005038     0.997881
0.612613    -0.988897    -0.001838     0.001838     0.988897
0.614615    -0.980184    -0.001176     0.001176     0.980184
0.616617    -0.971749    -0.003998     0.003998     0.971749
0.618619    -0.963600    -0.006623     0.006623     0.963600
0.620621    -0.955743    -0.009044     0.009044     0.955743
0.622623    -0.948184    -0.011255     0.011255     0.948184
0.624625    -0.940931    -0.013252     0.013252     0.940931
0.626627    -0.933989    -0.015029     0.015029     0.933989
0.628629    -0.927365    -0.016582     0.016582     0.927365
0.630631    -0.921063    -0.017904     0.017904     0.921063
0.632633    -0.915089    -0.018992     0.018992     0.915089
0.634635    -0.909447    -0.019843     0.019843     0.909447
0.636637    -0.904142    -0.020452     0.020452     0.904142
0.638639    -0.899178    -0.020817     0.020817     0.899178
0.640641    -0.894557    -0.020935     0.020935     0.894557
0.642643    -0.890283    -0.020804     0.020804     0.890283
0.644645    -0.886356    -0.020424     0.020424     0.886356
0.646647    -0.882779    -0.019792     0.019792     0.882779
0.648649    -0.879552    -0.018910     0.018910     0.879552
0.650651    -0.876675    -0.017778     0.017778     0.876675
0.652653    -0.874148    -0.016397     0.016397     0.874148
0.654655    -0.871968    -0.014769     0.014769     0.871968
0.656657    -0.870133    -0.012897     0.012897     0.870133
0.658659    -0.868642    -0.010783     0.010783     0.868642
0.660661    -0.867489    -0.008432     0.008432     0.867489
0.662663    -0.866673    -0.005848     0.005848     0.866673
0.664665    -0.866186    -0.003035     0.003035     0.866186
0.666667    -0.866025    -0.000000     0.000000     0.866025
0.668663    -0.866183    -0.003242     0.003242     0.866183
0.670659    -0.866653    -0.006694     0.006694     0.866653
0.672655    -0.867428    -0.010348     0.010348     0.867428
0.674651    -0.868500    -0.014198     0.014198     0.868500
0.676647    -0.869864    -0.018237     0.018237     0.869864
0.678643    -0.871511    -0.022457     0.022457     0.871511
0.680639    -0.873434    -0.026851     0.026851     0.873434
0.682635    -0.875625    -0.031411     0.031411     0.875625
0.684631    -0.878075    -0.036128     0.036128     0.878075
0.686627    -0.880777    -0.040996     0.040996     0.880777
0.688623    -0.883722    -0.046007     0.046007     0.883722
0.690619    -0.886902    -0.051152     0.051152     0.886902
0.692615    -0.890309    -0.056423     0.056423     0.890309
0.694611    -0.893935    -0.061814     0.061814     0.893935
0.696607    -0.897771    -0.067316     0.067316     0.897771
0.698603    -0.901810    -0.072923     0.072923     0.901810
0.700599    -0.906044    -0.078626     0.078626     0.906044
0.702595    -0.910464    -0.084419     0.084419     0.910464
0.704591    -0.915064    -0.090294     0.090294     0.915064
0.706587    -0.919835    -0.096246     0.096246     0.919835
0.708583    -0.924770    -0.102267     0.102267     0.924770
0.710579    -0.929863    -0.108352     0.108352     0.929863
0.712575    -0.935106    -0.114494     0.114494     0.935106
0.714571    -0.940492    -0.120687     0.120687     0.940492
0.716567    -0.946015    -0.126926     0.126926     0.946015
0.718563    -0.951668    -0.133206     0.133206     0.951668
0.720559    -0.957445    -0.139521     0.139521     0.957445
0.722555    -0.963341    -0.145866     0.145866     0.963341
0.724551    -0.969348    -0.152237     0.152237     0.969348
0.726547    -0.975462    -0.158629     0.158629     0.975462
0.728543    -0.981676    -0.165038     0.165038     0.981676
0.730539    -0.987986    -0.171459     0.171459     0.987986
0.732535    -0.994386    -0.177889     0.177889     0.994386
0.734531    -1.000871    -0.184324     0.184324     1.000871
0.736527    -1.007437    -0.190761     0.190761     1.007437
0.738523    -1.014078    -0.197196     0.197196     1.014078
0.740519    -1.020790    -0.203625     0.203625     1.020790
0.742515    -1.027568    -0.210047     0.210047     1.027568
0.744511    -1.034408    -0.216458     0.216458     1.034408
0.746507    -1.041306    -0.222855     0.222855     1.041306
0.748503    -1.048258    -0.229236     0.229236     1.048258
0.750499    -1.055260    -0.235599     0.235599     1.055260
0.752495    -1.062308    -0.241940     0.241940     1.062308
0.754491    -1.069399    -0.248259     0.248259     1.069399
0.756487    -1.076528    -0.254553     0.254553     1.076528
0.758483    -1.083693    -0.260819     0.260819     1.083693
0.760479    -1.090889    -0.267057     0.267057     1.090889
0.762475    -1.098114    -0.273264     0.273264     1.098114
0.764471    -1.105364    -0.279439     0.279439     1.105364
0.766467    -1.112636    -0.285581     0.285581     1.112636
0.768463    -1.119928    -0.291687     0.291687     1.119928
0.770459    -1.127236    -0.297757     0.297757     1.127236
0.772455    -1.134557    -0.303790     0.303790     1.134557
0.774451    -1.141889    -0.309783     0.309783     1.141889
0.776447    -1.149229    -0.315737     0.315737     1.149229
0.778443    -1.156574    -0.321649     0.321649     1.156574
0.780439    -1.163922    -0.327520     0.327520     1.163922
0.782435    -1.171270    -0.333348     0.333348     1.171270
0.784431    -1.178616    -0.339132     0.339132     1.178616
0.786427    -1.185957    -0.344871     0.344871     1.185957
0.788423    -1.193291    -0.350566     0.350566     1.193291
0.790419    -1.200616    -0.356214     0.356214     1.200616
0.792415    -1.207929    -0.361815     0.361815     1.207929
0.794411    -1.215228    -0.367370     0.367370     1.215228
0.796407    -1.222512    -0.372876     0.372876     1.222512
0.798403    -1.229779    -0.378335     0.378335     1.229779
0.800399    -1.237025    -0.383744     0.383744     1.237025
0.802395    -1.244249    -0.389104     0.389104     1.244249
0.804391    -1.251450    -0.394414     0.394414     1.251450
0.806387    -1.258626    -0.399675     0.399675     1.258626
0.808383    -1.265774    -0.404884     0.404884     1.265774
0.810379    -1.272893    -0.410043     0.410043     1.272893
0.812375    -1.279981    -0.415151     0.415151     1.279981
0.814371    -1.287037    -0.420207     0.420207     1.287037
0.816367    -1.294058    -0.425211     0.425211     1.294058
0.818363    -1.301043    -0.430164     0.430164     1.301043
0.820359    -1.307992    -0.435064     0.435064     1.307992
0.822355    -1.314901    -0.439912     0.439912     1.314901
0.824351    -1.321769    -0.444707     0.444707     1.321769
0.826347    -1.328596    -0.449449     0.449449     1.328596
0.828343    -1.335379    -0.454139     0.454139     1.335379
0.830339    -1.342118    -0.458775     0.458775     1.342118
0.832335    -1.348810    -0.463358     0.463358     1.348810
0.834331    -1.355454    -0.467887     0.467887     1.355454
0.836327    -1.362050    -0.472363     0.472363     1.362050
0.838323    -1.368596    -0.476785     0.476785     1.368596
0.840319    -1.375090    -0.481154     0.481154     1.375090
0.842315    -1.381531    -0.485468     0.485468     1.381531
0.844311    -1.387919    -0.489729     0.489729     1.387919
0.846307    -1.394251    -0.493936     0.493936     1.394251
0.848303    -1.400527    -0.498089     0.498089     1.400527
0.850299    -1.406746    -0.502187     0.502187     1.406746
0.852295    -1.412906    -0.506232     0.506232     1.412906
0.854291    -1.419007    -0.510222     0.510222     1.419007
0.856287    -1.425047    -0.514158     0.514158     1.425047
0.858283    -1.431026    -0.518039     0.518039     1.431026
0.860279    -1.436941    -0.521867     0.521867     1.436941
0.862275    -1.442794    -0.525640     0.525640     1.442794
0.864271    -1.448581    -0.529358     0.529358     1.448581
0.866267    -1.454303    -0.533022     0.533022     1.454303
0.868263    -1.459959    -0.536632     0.536632     1.459959
0.870259    -1.465547    -0.540187     0.540187     1.465547
0.872255    -1.471067    -0.543688     0.543688     1.471067
0.874251    -1.476517    -0.547135     0.547135     1.476517
0.876248    -1.481898    -0.550527     0.550527     1.481898
0.878244    -1.487208    -0.553864     0.553864     1.487208
0.880240    -1.492446    -0.557147     0.557147     1.492446
0.882236    -1.497612    -0.560376     0.560376     1.497612
0.884232    -1.502705    -0.563550     0.563550     1.502705
0.886228    -1.507724    -0.566670     0.566670     1.507724
0.888224    -1.512668    -0.569735     0.569735     1.512668
0.890220    -1.517537    -0.572746     0.572746     1.517537
0.892216    -1.522330    -0.575702     0.575702     1.522330
0.894212    -1.527046    -0.578604     0.578604     1.527046
0.896208    -1.531685    -0.581451     0.581451     1.531685
0.898204    -1.536246    -0.584244     0.584244     1.536246
0.900200    -1.540728    -0.586983     0.586983     1.540728
0.902196    -1.545131    -0.589667     0.589667     1.545131
0.904192    -1.549454    -0.592296     0.592296     1.549454
0.906188    -1.553696    -0.594872     0.594872     1.553696
0.908184    -1.557857    -0.597393     0.597393     1.557857
0.910180    -1.561937    -0.599859     0.599859     1.561937
0.912176    -1.565935    -0.602271     0.602271     1.565935
0.914172    -1.569850    -0.604629     0.604629     1.569850
0.916168    -1.573682    -0.606933     0.606933     1.573682
0.918164    -1.577430    -0.609182     0.609182     1.577430
0.920160    -1.581095    -0.611376     0.611376     1.581095
0.922156    -1.584674    -0.613517     0.613517     1.584674
0.924152    -1.588169    -0.615603     0.615603     1.588169
0.926148    -1.591577    -0.617635     0.617635     1.591577
0.928144    -1.594901    -0.619612     0.619612     1.594901
0.930140    -1.598137    -0.621535     0.621535     1.598137
0.932136    -1.601287    -0.623404     0.623404     1.601287
0.934132    -1.604350    -0.625219     0.625219     1.604350
0.936128    -1.607325    -0.626979     0.626979     1.607325
0.938124    -1.610213    -0.628686     0.628686     1.610213
0.940120    -1.613012    -0.630338     0.630338     1.613012
0.942116    -1.615723    -0.631935     0.631935     1.615723
0.944112    -1.618344    -0.633479     0.633479     1.618344
0.946108    -1.620877    -0.634968     0.634968     1.620877
0.948104    -1.623320    -0.636403     0.636403     1.623320
0.950100    -1.625673    -0.637784     0.637784     1.625673
0.952096    -1.627936    -0.639110     0.639110     1.627936
0.954092    -1.630109    -0.640383     0.640383     1.630109
0.956088    -1.632191    -0.641601     0.641601     1.632191
0.958084    -1.634183    -0.642765     0.642765     1.634183
0.960080    -1.636083    -0.643875     0.643875     1.636083
0.962076    -1.637892    -0.644930     0.644930     1.637892
0.964072    -1.639609    -0.645932     0.645932     1.639609
0.966068    -1.641235    -0.646879     0.646879     1.641235
0.968064    -1.642769    -0.647772     0.647772     1.642769
0.970060    -1.644211    -0.648611     0.648611     1.644211
0.972056    -1.645560    -0.649396     0.649396     1.645560
0.974052    -1.646817    -0.650127     0.650127     1.646817
0.976048    -1.647982    -0.650804     0.650804     1.647982
0.978044    -1.649054    -0.651426     0.651426     1.649054
0.980040    -1.650033    -0.651994     0.651994     1.650033
0.982036    -1.650919    -0.652509     0.652509     1.650919
0.984032    -1.651712    -0.652969     0.652969     1.651712
0.986028    -1.652412    -0.653375     0.653375     1.652412
0.988024    -1.653019    -0.653726     0.653726     1.653019
0.990020    -1.653533    -0.654024     0.654024     1.653533
0.992016    -1.653953    -0.654268     0.654268     1.653953
0.994012    -1.654280    -0.654457     0.654457     1.654280
0.996008    -1.654514    -0.654592     0.654592     1.654514
0.998004    -1.654654    -0.654673     0.654673     1.654654
1.000000    -1.654701    -0.654701     0.654701     1.654701
1.002008    -1.654653    -0.654673     0.654673     1.654653
1.004016    -1.654511    -0.654591     0.654591     1.654511
1.006024    -1.654275    -0.654454     0.654454     1.654275
1.008032    -1.653944    -0.654262     0.654262     1.653944
1.010040    -1.653519    -0.654016     0.654016     1.653519
1.012048    -1.652999    -0.653715     0.653715     1.652999
1.014056    -1.652385    -0.653359     0.653359     1.652385
1.016064    -1.651676    -0.652948     0.652948     1.651676
1.018072    -1.650873    -0.652482     0.652482     1.650873
1.020080    -1.649977    -0.651962     0.651962     1.649977
1.022088    -1.648986    -0.651386     0.651386     1.648986
1.024096    -1.647901    -0.650757     0.650757     1.647901
1.026104    -1.646722    -0.650072     0.650072     1.646722
1.028112    -1.645450    -0.649332     0.649332     1.645450
1.030120    -1.644084    -0.648538     0.648538     1.644084
1.032129    -1.642625    -0.647689     0.647689     1.642625
1.034137    -1.641073    -0.646785     0.646785     1.641073
1.036145    -1.639428    -0.645826     0.645826     1.639428
1.038153    -1.637689    -0.644812     0.644812     1.637689
1.040161    -1.635859    -0.643744     0.643744     1.635859
1.042169    -1.633936    -0.642621     0.642621     1.633936
1.044177    -1.631921    -0.641442     0.641442     1.631921
1.046185    -1.629813    -0.640210     0.640210     1.629813
1.048193    -1.627615    -0.638922     0.638922     1.627615
1.050201    -1.625325    -0.637579     0.637579     1.625325
1.052209    -1.622943    -0.636182     0.636182     1.622943
1.054217    -1.620471    -0.634729     0.634729     1.620471
1.056225    -1.617908    -0.633222     0.633222     1.617908
1.058233    -1.615255    -0.631660     0.631660     1.615255
1.060241    -1.612513    -0.630043     0.630043     1.612513
1.062249    -1.609680    -0.628371     0.628371     1.609680
1.064257    -1.606759    -0.626644     0.626644     1.606759
1.066265    -1.603748    -0.624863     0.624863     1.603748
1.068273    -1.600649    -0.623026     0.623026     1.600649
1.070281    -1.597462    -0.621134     0.621134     1.597462
1.072289    -1.594187    -0.619188     0.619188     1.594187
1.074297    -1.590825    -0.617187     0.617187     1.590825
1.076305    -1.587376    -0.615130     0.615130     1.587376
1.078313    -1.583841    -0.613019     0.613019     1.583841
1.080321    -1.580219    -0.610853     0.610853     1.580219
1.082329    -1.576512    -0.608631     0.608631     1.576512
1.084337    -1.572720    -0.606355     0.606355     1.572720
1.086345    -1.568844    -0.604024     0.604024     1.568844
1.088353    -1.564883    -0.601637     0.601637     1.564883
1.090361    -1.560839    -0.599196     0.599196     1.560839
1.092369    -1.556712    -0.596700     0.596700     1.556712
1.094378    -1.552503    -0.594148     0.594148     1.552503
1.096386    -1.548212    -0.591542     0.591542     1.548212
1.098394    -1.543839    -0.588880     0.588880     1.543839
1.100402    -1.539386    -0.586164     0.586164     1.539386
1.102410    -1.534853    -0.583392     0.583392     1.534853
1.104418    -1.530240    -0.580565     0.580565     1.530240
1.106426    -1.525549    -0.577683     0.577683     1.525549
1.108434    -1.520779    -0.574746     0.574746     1.520779
1.110442    -1.515932    -0.571754     0.571754     1.515932
1.112450    -1.511009    -0.568707     0.568707     1.511009
1.114458    -1.506009    -0.565605     0.565605     1.506009
1.116466    -1.500934    -0.562447     0.562447     1.500934
1.118474    -1.495785    -0.559235     0.559235     1.495785
1.120482    -1.490561    -0.555967     0.555967     1.490561
1.122490    -1.485265    -0.552644     0.552644     1.485265
1.124498    -1.479897    -0.549266     0.549266     1.479897
1.126506    -1.474457    -0.545833     0.545833     1.474457
1.128514    -1.468947    -0.542345     0.542345     1.468947
1.130522    -1.463367    -0.538802     0.538802     1.463367
1.132530    -1.457718    -0.535203     0.535203     1.457718
1.134538    -1.452002    -0.531550     0.531550     1.452002
1.136546    -1.446218    -0.527841     0.527841     1.446218
1.138554    -1.440369    -0.524078     0.524078     1.440369
1.140562    -1.434454    -0.520259     0.520259     1.434454
1.142570    -1.428476    -0.516386     0.516386     1.428476
1.144578    -1.422435    -0.512457     0.512457     1.422435
1.146586    -1.416331    -0.508474     0.508474     1.416331
1.148594    -1.410167    -0.504435     0.504435     1.410167
1.150602    -1.403943    -0.500342     0.500342     1.403943
1.152610    -1.397661    -0.496194     0.496194     1.397661
1.154618    -1.391321    -0.491991     0.491991     1.391321
1.156627    -1.384924    -0.487734     0.487734     1.384924
1.158635    -1.378472    -0.483422     0.483422     1.378472
1.160643    -1.371966    -0.479055     0.479055     1.371966
1.162651    -1.365408    -0.474634     0.474634     1.365408
1.164659    -1.358798    -0.470159     0.470159     1.358798
1.166667    -1.352138    -0.465629     0.465629     1.352138
1.168675    -1.345429    -0.461045     0.461045     1.345429
1.170683    -1.338673    -0.456407     0.456407     1.338673
1.172691    -1.331870    -0.451716     0.451716     1.331870
1.174699    -1.325023    -0.446970     0.446970     1.325023
1.176707    -1.318133    -0.442172     0.442172     1.318133
1.178715    -1.311201    -0.437319     0.437319     1.311201
1.180723    -1.304229    -0.432414     0.432414     1.304229
1.182731    -1.297219    -0.427455     0.427455     1.297219
1.184739    -1.290171    -0.422444     0.422444     1.290171
1.186747    -1.283088    -0.417381     0.417381     1.283088
1.188755    -1.275971    -0.412265     0.412265     1.275971
1.190763    -1.268823    -0.407097     0.407097     1.268823
1.192771    -1.261644    -0.401878     0.401878     1.261644
1.194779    -1.254436    -0.396607     0.396607     1.254436
1.196787    -1.247202    -0.391285     0.391285     1.247202
1.198795    -1.239944    -0.385913     0.385913     1.239944
1.200803    -1.232662    -0.380491     0.380491     1.232662
1.202811    -1.225360    -0.375019     0.375019     1.225360
1.204819    -1.218039    -0.369499     0.369499     1.218039
1.206827    -1.210701    -0.363929     0.363929     1.210701
1.208835    -1.203348    -0.358312     0.358312     1.203348
1.210843    -1.195984    -0.352647     0.352647     1.195984
1.212851    -1.188609    -0.346935     0.346935     1.188609
1.214859    -1.181226    -0.341177     0.341177     1.181226
1.216867    -1.173837    -0.335374     0.335374     1.173837
1.218876    -1.166445    -0.329526     0.329526     1.166445
1.220884    -1.159053    -0.323634     0.323634     1.159053
1.222892    -1.151662    -0.317700     0.317700     1.151662
1.224900    -1.144276    -0.311724     0.311724     1.144276
1.226908    -1.136897    -0.305707     0.305707     1.136897
1.228916    -1.129528    -0.299651     0.299651     1.129528
1.230924    -1.122172    -0.293556     0.293556     1.122172
1.232932    -1.114831    -0.287424     0.287424     1.114831
1.234940    -1.107509    -0.281256     0.281256     1.107509
1.236948    -1.100208    -0.275053     0.275053     1.100208
1.238956    -1.092932    -0.268817     0.268817     1.092932
1.240964    -1.085684    -0.262551     0.262551     1.085684
1.242972    -1.078467    -0.256254     0.256254     1.078467
1.244980    -1.071285    -0.249930     0.249930     1.071285
1.246988    -1.064141    -0.243579     0.243579     1.064141
1.248996    -1.057039    -0.237205     0.237205     1.057039
1.251004    -1.049983    -0.230810     0.230810     1.049983
1.253012    -1.042977    -0.224394     0.224394     1.042977
1.255020    -1.036024    -0.217962     0.217962     1.036024
1.257028    -1.029128    -0.211516     0.211516     1.029128
1.259036    -1.022295    -0.205057     0.205057     1.022295
1.261044    -1.015527    -0.198590     0.198590     1.015527
1.263052    -1.008831    -0.192118     0.192118     1.008831
1.265060    -1.002210    -0.185642     0.185642     1.002210
1.267068    -0.995669    -0.179168     0.179168     0.995669
1.269076    -0.989213    -0.172698     0.172698     0.989213
1.271084    -0.982847    -0.166236     0.166236     0.982847
1.273092    -0.976578    -0.159786     0.159786     0.976578
1.275100    -0.970409    -0.153352     0.153352     0.970409
1.277108    -0.964346    -0.146939     0.146939     0.964346
1.279116    -0.958396    -0.140551     0.140551     0.958396
1.281124    -0.952565    -0.134193     0.134193     0.952565
1.283133    -0.946858    -0.127870     0.127870     0.946858
1.285141    -0.941282    -0.121587     0.121587     0.941282
1.287149    -0.935843    -0.115349     0.115349     0.935843
1.289157    -0.930549    -0.109163     0.109163     0.930549
1.291165    -0.925406    -0.103034     0.103034     0.925406
1.293173    -0.920421    -0.096968     0.096968     0.920421
1.295181    -0.915601    -0.090972     0.090972     0.915601
1.297189    -0.910954    -0.085052     0.085052     0.910954
1.299197    -0.906488    -0.079215     0.079215     0.906488
1.301205    -0.902210    -0.073468     0.073468     0.902210
1.303213    -0.898128    -0.067819     0.067819     0.898128
1.305221    -0.894251    -0.062274     0.062274     0.894251
1.307229    -0.890586    -0.056841     0.056841     0.890586
1.309237    -0.887141    -0.051529     0.051529     0.887141
1.311245    -0.883926    -0.046344     0.046344     0.883926
1.313253    -0.880948    -0.041294     0.041294     0.880948
1.315261    -0.878215    -0.036388     0.036388     0.878215
1.317269    -0.875737    -0.031634     0.031634     0.875737
1.319277    -0.873521    -0.027040     0.027040     0.873521
1.321285    -0.871576    -0.022613     0.022613     0.871576
1.323293    -0.869910    -0.018362     0.018362     0.869910
1.325301    -0.868530    -0.014293     0.014293     0.868530
1.327309    -0.867444    -0.010416     0.010416     0.867444
1.329317    -0.866660    -0.006736     0.006736     0.866660
1.331325    -0.866185    -0.003262     0.003262     0.866185
1.333333    -0.866025    -0.000000     0.000000     0.866025
1.335329    -0.866185    -0.003026     0.003026     0.866185
1.337325    -0.866669    -0.005832     0.005832     0.866669
1.339321    -0.867481    -0.008410     0.008410     0.867481
1.341317    -0.868626    -0.010756     0.010756     0.868626
1.343313    -0.870108    -0.012867     0.012867     0.870108
1.345309    -0.871932    -0.014738     0.014738     0.871932
1.347305    -0.874098    -0.016366     0.016366     0.874098
1.349301    -0.876611    -0.017748     0.017748     0.876611
1.351297    -0.879470    -0.018883     0.018883     0.879470
1.353293    -0.882678    -0.019770     0.019770     0.882678
1.355289    -0.886233    -0.020407     0.020407     0.886233
1.357285    -0.890136    -0.020795     0.020795     0.890136
1.359281    -0.894384    -0.020934     0.020934     0.894384
1.361277    -0.898977    -0.020827     0.020827     0.898977
1.363273    -0.903912    -0.020474     0.020474     0.903912
1.365269    -0.909185    -0.019878     0.019878     0.909185
1.367265    -0.914794    -0.019041     0.019041     0.914794
1.369261    -0.920732    -0.017969     0.017969     0.920732
1.371257    -0.926998    -0.016663     0.016663     0.926998
1.373253    -0.933584    -0.015129     0.015129     0.933584
1.375250    -0.940486    -0.013371     0.013371     0.940486
1.377246    -0.947697    -0.011394     0.011394     0.947697
1.379242    -0.955213    -0.009203     0.009203     0.955213
1.381238    -0.963025    -0.006804     0.006804     0.963025
1.383234    -0.971129    -0.004202     0.004202     0.971129
1.385230    -0.979517    -0.001403     0.001403     0.979517
1.387226    -0.988182    -0.001587     0.001587     0.988182
1.389222    -0.997118    -0.004763     0.004763     0.997118
1.391218    -1.006317    -0.008117     0.008117     1.006317
1.393214    -1.015773    -0.011644     0.011644     1.015773
1.395210    -1.025478    -0.015339     0.015339     1.025478
1.397206    -1.035426    -0.019195     0.019195     1.035426
1.399202    -1.045609    -0.023207     0.023207     1.045609
1.401198    -1.056022    -0.027368     0.027368     1.056022
1.403194    -1.066656    -0.031673     0.031673     1.066656
1.405190    -1.077506    -0.036117     0.036117     1.077506
1.407186    -1.088566    -0.040694     0.040694     1.088566
1.409182    -1.099827    -0.045398     0.045398     1.099827
1.411178    -1.111286    -0.050225     0.050225     1.111286
1.413174    -1.122934    -0.055169     0.055169     1.122934
1.415170    -1.134767    -0.060226     0.060226     1.134767
1.417166    -1.146779    -0.065391     0.065391     1.146779
1.419162    -1.158963    -0.070660     0.070660     1.158963
1.421158    -1.171315    -0.076027     0.076027     1.171315
1.423154    -1.183829    -0.081489     0.081489     1.183829
1.425150    -1.196500    -0.087042     0.087042     1.196500
1.427146    -1.209323    -0.092681     0.092681     1.209323
1.429142    -1.222293    -0.098403     0.098403     1.222293
1.431138    -1.235405    -0.104205     0.104205     1.235405
1.433134    -1.248655    -0.110082     0.110082     1.248655
1.435130    -1.262038    -0.116032     0.116032     1.262038
1.437126    -1.275550    -0.122051     0.122051     1.275550
1.439122    -1.289187    -0.128136     0.128136     1.289187
1.441118    -1.302945    -0.134284     0.134284     1.302945
1.443114    -1.316819    -0.140492     0.140492     1.316819
1.445110    -1.330807    -0.146758     0.146758     1.330807
1.447106    -1.344903    -0.153079     0.153079     1.344903
1.449102    -1.359106    -0.159452     0.159452     1.359106
1.451098    -1.373411    -0.165875     0.165875     1.373411
1.453094    -1.387814    -0.172345     0.172345     1.387814
1.455090    -1.402314    -0.178861     0.178861     1.402314
1.457086    -1.416906    -0.185421     0.185421     1.416906
1.459082    -1.431587    -0.192021     0.192021     1.431587
1.461078    -1.446355    -0.198661     0.198661     1.446355
1.463074    -1.461206    -0.205338     0.205338     1.461206
1.465070    -1.476138    -0.212051     0.212051     1.476138
1.467066    -1.491149    -0.218798     0.218798     1.491149
1.469062    -1.506234    -0.225577     0.225577     1.506234
1.471058    -1.521393    -0.232386     0.232386     1.521393
1.473054    -1.536621    -0.239225     0.239225     1.536621
1.475050    -1.551918    -0.246091     0.246091     1.551918
1.477046    -1.567279    -0.252984     0.252984     1.567279
1.479042    -1.582704    -0.259901     0.259901     1.582704
1.481038    -1.598190    -0.266841     0.266841     1.598190
1.483034    -1.613735    -0.273804     0.273804     1.613735
1.485030    -1.629336    -0.280788     0.280788     1.629336
1.487026    -1.644991    -0.287792     0.287792     1.644991
1.489022    -1.660699    -0.294815     0.294815     1.660699
1.491018    -1.676457    -0.301855     0.301855     1.676457
1.493014    -1.692264    -0.308912     0.308912     1.692264
1.495010    -1.708116    -0.315984     0.315984     1.708116
1.497006    -1.724014    -0.323071     0.323071     1.724014
1.499002    -1.739954    -0.330171     0.330171     1.739954
1.500998    -1.755935    -0.337284     0.337284     1.755935
1.502994    -1.771956    -0.344409     0.344409     1.771956
1.504990    -1.788014    -0.351545     0.351545     1.788014
1.506986    -1.804107    -0.358691     0.358691     1.804107
1.508982    -1.820235    -0.365847     0.365847     1.820235
1.510978    -1.836395    -0.373011     0.373011     1.836395
1.512974    -1.852586    -0.380182     0.380182     1.852586
1.514970    -1.868806    -0.387361     0.387361     1.868806
1.516966    -1.885055    -0.394546     0.394546     1.885055
1.518962    -1.901329    -0.401737     0.401737     1.901329
1.520958    -1.917628    -0.408932     0.408932     1.917628
1.522954    -1.933951    -0.416132     0.416132     1.933951
1.524950    -1.950295    -0.423335     0.423335     1.950295
1.526946    -1.966660    -0.430542     0.430542     1.966660
1.528942    -1.983044    -0.437751     0.437751     1.983044
1.530938    -1.999445    -0.444962     0.444962     1.999445
1.532934    -2.015863    -0.452173     0.452173     2.015863
1.534930    -2.032296    -0.459386     0.459386     2.032296
1.536926    -2.048743    -0.466599     0.466599     2.048743
1.538922    -2.065202    -0.473811     0.473811     2.065202
1.540918    -2.081672    -0.481022     0.481022     2.081672
1.542914    -2.098152    -0.488232     0.488232     2.098152
1.544910    -2.114640    -0.495440     0.495440     2.114640
1.546906    -2.131137    -0.502645     0.502645     2.131137
1.548902    -2.147639    -0.509847     0.509847     2.147639
1.550898    -2.164146    -0.517046     0.517046     2.164146
1.552894    -2.180657    -0.524241     0.524241     2.180657
1.554890    -2.197171    -0.531432     0.531432     2.197171
1.556886    -2.213686    -0.538617     0.538617     2.213686
1.558882    -2.230201    -0.545798     0.545798     2.230201
1.560878    -2.246716    -0.552973     0.552973     2.246716
1.562874    -2.263229    -0.560141     0.560141     2.263229
1.564870    -2.279739    -0.567303     0.567303     2.279739
1.566866    -2.296245    -0.574458     0.574458     2.296245
1.568862    -2.312745    -0.581606     0.581606     2.312745
1.570858    -2.329240    -0.588746     0.588746     2.329240
1.572854    -2.345727    -0.595877     0.595877     2.345727
1.574850    -2.362205    -0.603000     0.603000     2.362205
1.576846    -2.378675    -0.610115     0.610115     2.378675
1.578842    -2.395134    -0.617219     0.617219     2.395134
1.580838    -2.411582    -0.624314     0.624314     2.411582
1.582834    -2.428017    -0.631399     0.631399     2.428017
1.584830    -2.444439    -0.638474     0.638474     2.444439
1.586826    -2.460846    -0.645537     0.645537     2.460846
1.588822    -2.477238    -0.652590     0.652590     2.477238
1.590818    -2.493614    -0.659631     0.659631     2.493614
1.592814    -2.509972    -0.666660     0.666660     2.509972
1.594810    -2.526313    -0.673677     0.673677     2.526313
1.596806    -2.542633    -0.680681     0.680681     2.542633
1.598802    -2.558934    -0.687672     0.687672     2.558934
1.600798    -2.575214    -0.694651     0.694651     2.575214
1.602794    -2.591472    -0.701615     0.701615     2.591472
1.604790    -2.607707    -0.708566     0.708566     2.607707
1.606786    -2.623918    -0.715502     0.715502     2.623918
1.608782    -2.640104    -0.722424     0.722424     2.640104
1.610778    -2.656265    -0.729331     0.729331     2.656265
1.612774    -2.672399    -0.736223     0.736223     2.672399
1.614770    -2.688506    -0.743099     0.743099     2.688506
1.616766    -2.704584    -0.749960     0.749960     2.704584
1.618762    -2.720633    -0.756805     0.756805     2.720633
1.620758    -2.736653    -0.763633     0.763633     2.736653
1.622754    -2.752641    -0.770444     0.770444     2.752641
1.624750    -2.768598    -0.777238     0.777238     2.768598
1.626747    -2.784523    -0.784015     0.784015     2.784523
1.628743    -2.800414    -0.790775     0.790775     2.800414
1.630739    -2.816270    -0.797516     0.797516     2.816270
1.632735    -2.832092    -0.804239     0.804239     2.832092
1.634731    -2.847878    -0.810944     0.810944     2.847878
1.636727    -2.863627    -0.817630     0.817630     2.863627
1.638723    -2.879339    -0.824297     0.824297     2.879339
1.640719    -2.895012    -0.830944     0.830944     2.895012
1.642715    -2.910646    -0.837572     0.837572     2.910646
1.644711    -2.926241    -0.844180     0.844180     2.926241
1.646707    -2.941795    -0.850768     0.850768     2.941795
1.648703    -2.957307    -0.857336     0.857336     2.957307
1.650699    -2.972777    -0.863882     0.863882     2.972777
1.652695    -2.988204    -0.870408     0.870408     2.988204
1.654691    -3.003588    -0.876912     0.876912     3.003588
1.656687    -3.018926    -0.883395     0.883395     3.018926
1.658683    -3.034220    -0.889856     0.889856     3.034220
1.660679    -3.049467    -0.896295     0.896295     3.049467
1.662675    -3.064668    -0.902712     0.902712     3.064668
1.664671    -3.079821    -0.909106     0.909106     3.079821
1.666667    -3.094926    -0.915477     0.915477     3.094926
1.668663    -3.109982    -0.921825     0.921825     3.109982
1.670659    -3.124988    -0.928149     0.928149     3.124988
1.672655    -3.139944    -0.934450     0.934450     3.139944
1.674651    -3.154849    -0.940727     0.940727     3.154849
1.676647    -3.169701    -0.946980     0.946980     3.169701
1.678643    -3.184501    -0.953209     0.953209     3.184501
1.680639    -3.199248    -0.959413     0.959413     3.199248
1.682635    -3.213941    -0.965592     0.965592     3.213941
1.684631    -3.228579    -0.971745     0.971745     3.228579
1.686627    -3.243161    -0.977874     0.977874     3.243161
1.688623    -3.257688    -0.983976     0.983976     3.257688
1.690619    -3.272158    -0.990053     0.990053     3.272158
1.692615    -3.286570    -0.996104     0.996104     3.286570
1.694611    -3.300924    -1.002128     1.002128     3.300924
1.696607    -3.315219    -1.008126     1.008126     3.315219
1.698603    -3.329455    -1.014097     1.014097     3.329455
1.700599    -3.343631    -1.020041     1.020041     3.343631
1.702595    -3.357746    -1.025957     1.025957     3.357746
1.704591    -3.371799    -1.031846     1.031846     3.371799
1.706587    -3.385790    -1.037707     1.037707     3.385790
1.708583    -3.399719    -1.043541     1.043541     3.399719
1.710579    -3.413584    -1.049346     1.049346     3.413584
1.712575    -3.427385    -1.055122     1.055122     3.427385
1.714571    -3.441122    -1.060870     1.060870     3.441122
1.716567    -3.454793    -1.066589     1.066589     3.454793
1.718563    -3.468398    -1.072278     1.072278     3.468398
1.720559    -3.481937    -1.077938     1.077938     3.481937
1.722555    -3.495408    -1.083569     1.083569     3.495408
1.724551    -3.508812    -1.089170     1.089170     3.508812
1.726547    -3.522147    -1.094741     1.094741     3.522147
1.728543    -3.535414    -1.100282     1.100282     3.535414
1.730539    -3.548611    -1.105792     1.105792     3.548611
1.732535    -3.561737    -1.111271     1.111271     3.561737
1.734531    -3.574793    -1.116720     1.116720     3.574793
1.736527    -3.587778    -1.122137     1.122137     3.587778
1.738523    -3.600690    -1.127523     1.127523     3.600690
1.740519    -3.613530    -1.132878     1.132878     3.613530
1.742515    -3.626297    -1.138201     1.138201     3.626297
1.744511    -3.638990    -1.143492     1.143492     3.638990
1.746507    -3.651609    -1.148751     1.148751     3.651609
1.748503    -3.664153    -1.153977     1.153977     3.664153
1.750499    -3.676622    -1.159171     1.159171     3.676622
1.752495    -3.689015    -1.164332     1.164332     3.689015
1.754491    -3.701331    -1.169460     1.169460     3.701331
1.756487    -3.713571    -1.174555     1.174555     3.713571
1.758483    -3.725732    -1.179617     1.179617     3.725732
1.760479    -3.737816    -1.184645     1.184645     3.737816
1.762475    -3.749821    -1.189639     1.189639     3.749821
1.764471    -3.761747    -1.194600     1.194600     3.761747
1.766467    -3.773593    -1.199526     1.199526     3.773593
1.768463    -3.785359    -1.204418     1.204418     3.785359
1.770459    -3.797044    -1.209275     1.209275     3.797044
1.772455    -3.808648    -1.214098     1.214098     3.808648
1.774451    -3.820170    -1.218886     1.218886     3.820170
1.776447    -3.831610    -1.223639     1.223639     3.831610
1.778443    -3.842967    -1.228356     1.228356     3.842967
1.780439    -3.854241    -1.233039     1.233039     3.854241
1.782435    -3.865431    -1.237685     1.237685     3.865431
1.784431    -3.876537    -1.242296     1.242296     3.876537
1.786427    -3.887558    -1.246871     1.246871     3.887558
1.788423    -3.898494    -1.251409     1.251409     3.898494
1.790419    -3.909344    -1.255912     1.255912     3.909344
1.792415    -3.920108    -1.260377     1.260377     3.920108
1.794411    -3.930786    -1.264806     1.264806     3.930786
1.796407    -3.941376    -1.269199     1.269199     3.941376
1.798403    -3.951879    -1.273554     1.273554     3.951879
1.800399    -3.962293    -1.277872     1.277872     3.962293
1.802395    -3.972619    -1.282153     1.282153     3.972619
1.804391    -3.982857    -1.286396     1.286396     3.982857
1.806387    -3.993004    -1.290602     1.290602     3.993004
1.808383    -4.003063    -1.294770     1.294770     4.003063
1.810379    -4.013030    -1.298899     1.298899     4.013030
1.812375    -4.022907    -1.302991     1.302991     4.022907
1.814371    -4.032694    -1.307044     1.307044     4.032694
1.816367    -4.042388    -1.311059     1.311059     4.042388
1.818363    -4.051991    -1.315035     1.315035     4.051991
1.820359    -4.061501    -1.318973     1.318973     4.061501
1.822355    -4.070918    -1.322871     1.322871     4.070918
1.824351    -4.080243    -1.326731     1.326731     4.080243
1.826347    -4.089473    -1.330551     1.330551     4.089473
1.828343    -4.098610    -1.334332     1.334332     4.098610
1.830339    -4.107652    -1.338073     1.338073     4.107652
1.832335    -4.116600    -1.341775     1.341775     4.116600
1.834331    -4.125452    -1.345437     1.345437     4.125452
1.836327    -4.134209    -1.349059     1.349059     4.134209
1.838323    -4.142870    -1.352641     1.352641     4.142870
1.840319    -4.151435    -1.356182     1.356182     4.151435
1.842315    -4.159903    -1.359684     1.359684     4.159903
1.844311    -4.168275    -1.363145     1.363145     4.168275
1.846307    -4.176548    -1.366565     1.366565     4.176548
1.848303    -4.184725    -1.369944     1.369944     4.184725
1.850299    -4.192803    -1.373283     1.373283     4.192803
1.852295    -4.200782    -1.376580     1.376580     4.200782
1.854291    -4.208663    -1.379837     1.379837     4.208663
1.856287    -4.216445    -1.383052     1.383052     4.216445
1.858283    -4.224128    -1.386226     1.386226     4.224128
1.860279    -4.231710    -1.389358     1.389358     4.231710
1.862275    -4.239193    -1.392449     1.392449     4.239193
1.864271    -4.246575    -1.395498     1.395498     4.246575
1.866267    -4.253857    -1.398505     1.398505     4.253857
1.868263    -4.261037    -1.401470     1.401470     4.261037
1.870259    -4.268117    -1.404393     1.404393     4.268117
1.872255    -4.275094    -1.407274     1.407274     4.275094
1.874251    -4.281970    -1.410112     1.410112     4.281970
1.876248    -4.288744    -1.412908     1.412908     4.288744
1.878244    -4.295415    -1.415662     1.415662     4.295415
1.880240    -4.301983    -1.418372     1.418372     4.301983
1.882236    -4.308448    -1.421041     1.421041     4.308448
1.884232    -4.314810    -1.423666     1.423666     4.314810
1.886228    -4.321069    -1.426248     1.426248     4.321069
1.888224    -4.327223    -1.428787     1.428787     4.327223
1.890220    -4.333273    -1.431284     1.431284     4.333273
1.892216    -4.339219    -1.433737     1.433737     4.339219
1.894212    -4.345061    -1.436146     1.436146     4.345061
1.896208    -4.350797    -1.438512     1.438512     4.350797
1.898204    -4.356429    -1.440835     1.440835     4.356429
1.900200    -4.361955    -1.443114     1.443114     4.361955
1.902196    -4.367375    -1.445349     1.445349     4.367375
1.904192    -4.372690    -1.447541     1.447541     4.372690
1.906188    -4.377898    -1.449689     1.449689     4.377898
1.908184    -4.383001    -1.451792     1.451792     4.383001
1.910180    -4.387996    -1.453852     1.453852     4.387996
1.912176    -4.392886    -1.455868     1.455868     4.392886
1.914172    -4.397668    -1.457839     1.457839     4.397668
1.916168    -4.402343    -1.459767     1.459767     4.402343
1.918164    -4.406911    -1.461649     1.461649     4.406911
1.920160    -4.411371    -1.463488     1.463488     4.411371
1.922156    -4.415724    -1.465282     1.465282     4.415724
1.924152    -4.419969    -1.467031     1.467031     4.419969
1.926148    -4.424105    -1.468736     1.468736     4.424105
1.928144    -4.428134    -1.470396     1.470396     4.428134
1.930140    -4.432054    -1.472012     1.472012     4.432054
1.932136    -4.435866    -1.473582     1.473582     4.435866
1.934132    -4.439569    -1.475108     1.475108     4.439569
1.936128    -4.443163    -1.476589     1.476589     4.443163
1.938124    -4.446648    -1.478025     1.478025     4.446648
1.940120    -4.450024    -1.479416     1.479416     4.450024
1.942116    -4.453290    -1.480762     1.480762     4.453290
1.944112    -4.456447    -1.482062     1.482062     4.456447
1.946108    -4.459495    -1.483318     1.483318     4.459495
1.948104    -4.462433    -1.484528     1.484528     4.462433
1.950100    -4.465261    -1.485693     1.485693     4.465261
1.952096    -4.467979    -1.486812     1.486812     4.467979
1.954092    -4.470587    -1.487887     1.487887     4.470587
1.956088    -4.473085    -1.488916     1.488916     4.473085
1.958084    -4.475472    -1.489899     1.489899     4.475472
1.960080    -4.477749    -1.490837     1.490837     4.477749
1.962076    -4.479916    -1.491729     1.491729     4.479916
1.964072    -4.481972    -1.492576     1.492576     4.481972
1.966068    -4.483918    -1.493377     1.493377     4.483918
1.968064    -4.485752    -1.494133     1.494133     4.485752
1.970060    -4.487476    -1.494843     1.494843     4.487476
1.972056    -4.489089    -1.495507     1.495507     4.489089
1.974052    -4.490591    -1.496126     1.496126     4.490591
1.976048    -4.491983    -1.496699     1.496699     4.491983
1.978044    -4.493263    -1.497226     1.497226     4.493263
1.980040    -4.494431    -1.497707     1.497707     4.494431
1.982036    -4.495489    -1.498143     1.498143     4.495489
1.984032    -4.496436    -1.498532     1.498532     4.496436
1.986028    -4.497271    -1.498876     1.498876     4.497271
1.988024    -4.497995    -1.499174     1.499174     4.497995
1.990020    -4.498608    -1.499427     1.499427     4.498608
1.992016    -4.499109    -1.499633     1.499633     4.499109
1.994012    -4.499499    -1.499794     1.499794     4.499499
1.996008    -4.499777    -1.499908     1.499908     4.499777
1.998004    -4.499944    -1.499977     1.499977     4.499944
2.000000    -4.500000    -1.500000     1.500000     4.500000
