0.000000    -3.000000    -3.000000     3.000000     3.000000
0.001492    -3.002746    -2.997122     2.997121     3.002747
0.002984    -3.005361    -2.994112     2.994105     3.005368
0.004476    -3.007843    -2.990971     2.990946     3.007868
0.005967    -3.010194    -2.987697     2.987639     3.010253
0.007459    -3.012414    -2.984292     2.984178     3.012528
0.008951    -3.014501    -2.980755     2.980558     3.014698
0.010443    -3.016457    -2.977086     2.976775     3.016769
0.011935    -3.018282    -2.973286     2.972822     3.018746
0.013427    -3.019975    -2.969354     2.968695     3.020634
0.014919    -3.021537    -2.965290     2.964390     3.022437
0.016410    -3.022968    -2.961095     2.959902     3.024161
0.017902    -3.024268    -2.956769     2.955227     3.025810
0.019394    -3.025436    -2.952311     2.950360     3.027388
0.020886    -3.026473    -2.947723     2.945297     3.028899
0.022378    -3.027380    -2.943003     2.940035     3.030348
0.023870    -3.028156    -2.938153     2.934570     3.031738
0.025362    -3.028800    -2.933172     2.928899     3.033073
0.026854    -3.029315    -2.928060     2.923019     3.034356
0.028345    -3.029698    -2.922819     2.916927     3.035590
0.029837    -3.029952    -2.917447     2.910621     3.036778
0.031329    -3.030074    -2.911946     2.904097     3.037924
0.032821    -3.030067    -2.906316     2.897354     3.039029
0.034313    -3.029929    -2.900556     2.890389     3.040096
0.035805    -3.029661    -2.894668     2.883201     3.041128
0.037297    -3.029264    -2.888651     2.875788     3.042126
0.038788    -3.028736    -2.882506     2.868149     3.043092
0.040280    -3.028078    -2.876233     2.860282     3.044029
0.041772    -3.027290    -2.869833     2.852187     3.044937
0.043264    -3.026373    -2.863306     2.843862     3.045818
0.044756    -3.025326    -2.856653     2.835306     3.046673
0.046248    -3.024150    -2.849873     2.826519     3.047504
0.047740    -3.022843    -2.842968     2.817501     3.048311
0.049231    -3.021408    -2.835938     2.808251     3.049095
0.050723    -3.019843    -2.828784     2.798769     3.049857
0.052215    -3.018148    -2.821505     2.789055     3.050598
0.053707    -3.016324    -2.814103     2.779108     3.051319
0.055199    -3.014371    -2.806578     2.768930     3.052019
0.056691    -3.012289    -2.798930     2.758521     3.052699
0.058183    -3.010077    -2.791162     2.747880     3.053359
0.059674    -3.007736    -2.783272     2.737008     3.054000
0.061166    -3.005266    -2.775261     2.725907     3.054621
0.062658    -3.002667    -2.767131     2.714576     3.055223
0.064150    -2.999938    -2.758883     2.703016     3.055805
0.065642    -2.997081    -2.750516     2.691229     3.056367
0.067134    -2.994094    -2.742031     2.679215     3.056910
0.068626    -2.990978    -2.733430     2.666976     3.057432
0.070117    -2.987734    -2.724713     2.654512     3.057934
0.071609    -2.984360    -2.715880     2.641825     3.058415
0.073101    -2.980856    -2.706934     2.628915     3.058875
0.074593    -2.977224    -2.697873     2.615785     3.059313
0.076085    -2.973463    -2.688701     2.602435     3.059729
0.077577    -2.969573    -2.679416     2.588868     3.060121
0.079069    -2.965553    -2.670021     2.575084     3.060491
0.080561    -2.961405    -2.660516     2.561085     3.060836
0.082052    -2.957127    -2.650902     2.546873     3.061156
0.083544    -2.952720    -2.641179     2.532449     3.061450
0.085036    -2.948184    -2.631350     2.517815     3.061719
0.086528    -2.943519    -2.621414     2.502974     3.061960
0.088020    -2.938725    -2.611373     2.487926     3.062173
0.089512    -2.933802    -2.601228     2.472674     3.062357
0.091004    -2.928750    -2.590980     2.457219     3.062511
0.092495    -2.923569    -2.580630     2.441564     3.062635
0.093987    -2.918259    -2.570178     2.425710     3.062727
0.095479    -2.912820    -2.559626     2.409660     3.062786
0.096971    -2.907252    -2.548976     2.393415     3.062812
0.098463    -2.901555    -2.538227     2.376978     3.062803
0.099955    -2.895729    -2.527381     2.360351     3.062759
0.101447    -2.889775    -2.516439     2.343536     3.062678
0.102938    -2.883692    -2.505403     2.326536     3.062559
0.104430    -2.877480    -2.494272     2.309351     3.062401
0.105922    -2.871140    -2.483049     2.291986     3.062204
0.107414    -2.864672    -2.471735     2.274441     3.061965
0.108906    -2.858075    -2.460329     2.256720     3.061684
0.110398    -2.851351    -2.448835     2.238825     3.061360
0.111890    -2.844498    -2.437252     2.220758     3.060992
0.113381    -2.837518    -2.425581     2.202522     3.060577
0.114873    -2.830410    -2.413824     2.184118     3.060116
0.116365    -2.823175    -2.401982     2.165550     3.059607
0.117857    -2.815813    -2.390056     2.146820     3.059049
0.119349    -2.808325    -2.378047     2.127931     3.058440
0.120841    -2.800709    -2.365955     2.108885     3.057780
0.122333    -2.792968    -2.353783     2.089684     3.057067
0.123824    -2.785101    -2.341531     2.070332     3.056299
0.125316    -2.777109    -2.329199     2.050831     3.055477
0.126808    -2.768991    -2.316789     2.031183     3.054598
0.128300    -2.760749    -2.304303     2.011391     3.053661
0.129792    -2.752383    -2.291740     1.991458     3.052665
0.131284    -2.743893    -2.279102     1.971387     3.051608
0.132776    -2.735281    -2.266389     1.951179     3.050491
0.134268    -2.726546    -2.253603     1.930839     3.049310
0.135759    -2.717689    -2.240745     1.910368     3.048065
0.137251    -2.708711    -2.227814     1.889770     3.046755
0.138743    -2.699612    -2.214813     1.869046     3.045379
0.140235    -2.690394    -2.201742     1.848201     3.043934
0.141727    -2.681057    -2.188601     1.827237     3.042421
0.143219    -2.671602    -2.175391     1.806156     3.040837
0.144711    -2.662030    -2.162113     1.784961     3.039182
0.146202    -2.652341    -2.148768     1.763655     3.037454
0.147694    -2.642538    -2.135355     1.742242     3.035652
0.149186    -2.632620    -2.121877     1.720723     3.033774
0.150678    -2.622590    -2.108332     1.699102     3.031820
0.152170    -2.612448    -2.094722     1.677382     3.029788
0.153662    -2.602195    -2.081047     1.655565     3.027678
0.155154    -2.591833    -2.067308     1.633654     3.025487
0.156645    -2.581363    -2.053504     1.611653     3.023214
0.158137    -2.570787    -2.039635     1.589563     3.020859
0.159629    -2.560107    -2.025703     1.567389     3.018420
0.161121    -2.549323    -2.011707     1.545133     3.015897
0.162613    -2.538437    -1.997647     1.522797     3.013287
0.164105    -2.527452    -1.983523     1.500386     3.010589
0.165597    -2.516369    -1.969335     1.477901     3.007804
0.167088    -2.505190    -1.955083     1.455345     3.004928
0.168580    -2.493917    -1.940767     1.432722     3.001962
0.170072    -2.482553    -1.926386     1.410035     2.998904
0.171564    -2.471098    -1.911940     1.387286     2.995753
0.173056    -2.459557    -1.897429     1.364478     2.992507
0.174548    -2.447930    -1.882851     1.341615     2.989167
0.176040    -2.436222    -1.868207     1.318699     2.985730
0.177531    -2.424433    -1.853496     1.295733     2.982196
0.179023    -2.412567    -1.838717     1.272720     2.978563
0.180515    -2.400627    -1.823868     1.249664     2.974831
0.182007    -2.388615    -1.808950     1.226566     2.970999
0.183499    -2.376534    -1.793960     1.203430     2.967065
0.184991    -2.364389    -1.778899     1.180259     2.963028
0.186483    -2.352181    -1.763764     1.157056     2.958888
0.187975    -2.339914    -1.748554     1.133824     2.954644
0.189466    -2.327591    -1.733268     1.110565     2.950295
0.190958    -2.315217    -1.717905     1.087283     2.945839
0.192450    -2.302794    -1.702462     1.063980     2.941276
0.193942    -2.290327    -1.686939     1.040660     2.936606
0.195434    -2.277819    -1.671333     1.017325     2.931826
0.196926    -2.265274    -1.655642     0.993979     2.926937
0.198418    -2.252696    -1.639865     0.970624     2.921937
0.199909    -2.240089    -1.623999     0.947262     2.916826
0.201401    -2.227458    -1.608043     0.923898     2.911603
0.202893    -2.214807    -1.591993     0.900534     2.906267
0.204385    -2.202140    -1.575849     0.877172     2.900817
0.205877    -2.189462    -1.559607     0.853816     2.895253
0.207369    -2.176777    -1.543266     0.830469     2.889574
0.208861    -2.164090    -1.526822     0.807133     2.883780
0.210352    -2.151407    -1.510274     0.783811     2.877869
0.211844    -2.138730    -1.493618     0.760507     2.871841
0.213336    -2.126066    -1.476853     0.737222     2.865696
0.214828    -2.113419    -1.459975     0.713961     2.859433
0.216320    -2.100795    -1.442982     0.690725     2.853051
0.217812    -2.088198    -1.425871     0.667517     2.846551
0.219304    -2.075633    -1.408639     0.644342     2.839930
0.220795    -2.063105    -1.391285     0.621200     2.833190
0.222287    -2.050620    -1.373804     0.598095     2.826329
0.223779    -2.038182    -1.356195     0.575030     2.819347
0.225271    -2.025797    -1.338455     0.552008     2.812244
0.226763    -2.013469    -1.320582     0.529032     2.805019
0.228255    -2.001204    -1.302572     0.506104     2.797672
0.229747    -1.989006    -1.284423     0.483227     2.790203
0.231238    -1.976882    -1.266134     0.460404     2.782612
0.232730    -1.964834    -1.247700     0.437637     2.774897
0.234222    -1.952869    -1.229122     0.414931     2.767060
0.235714    -1.940992    -1.210395     0.392287     2.759100
0.237206    -1.929206    -1.191518     0.369708     2.751016
0.238698    -1.917517    -1.172489     0.347197     2.742809
0.240190    -1.905929    -1.153307     0.324757     2.734479
0.241682    -1.894447    -1.133969     0.302391     2.726025
0.243173    -1.883076    -1.114474     0.280101     2.717448
0.244665    -1.871818    -1.094820     0.257892     2.708747
0.246157    -1.860680    -1.075007     0.235764     2.699923
0.247649    -1.849664    -1.055033     0.213722     2.690975
0.249141    -1.838775    -1.034897     0.191768     2.681904
0.250633    -1.828017    -1.014599     0.169906     2.672711
0.252125    -1.817394    -0.994137     0.148138     2.663394
0.253616    -1.806909    -0.973513     0.126467     2.653955
0.255108    -1.796565    -0.952724     0.104897     2.644393
0.256600    -1.786367    -0.931772     0.083430     2.634709
0.258092    -1.776318    -0.910657     0.062071     2.624904
0.259584    -1.766420    -0.889380     0.040822     2.614977
0.261076    -1.756677    -0.867940     0.019687     2.604930
0.262568    -1.747092    -0.846340    -0.001330     2.594762
0.264059    -1.737669    -0.824581    -0.022225     2.584474
0.265551    -1.728409    -0.802665    -0.042994     2.574067
0.267043    -1.719315    -0.780594    -0.063632     2.563542
0.268535    -1.710391    -0.758372    -0.084135     2.552898
0.270027    -1.701639    -0.736002    -0.104496     2.542137
0.271519    -1.693061    -0.713489    -0.124709     2.531259
0.273011    -1.684659    -0.690840    -0.144766     2.520265
0.274502    -1.676437    -0.668061    -0.164657     2.509156
0.275994    -1.668396    -0.645164    -0.184372     2.497933
0.277486    -1.660539    -0.622163    -0.203894     2.486596
0.278978    -1.652868    -0.599077    -0.223202     2.475147
0.280470    -1.645386    -0.575936    -0.242266     2.463587
0.281962    -1.638093    -0.552785    -0.261039     2.451917
0.283454    -1.630993    -0.529698    -0.279447     2.440138
0.284945    -1.624088    -0.506803    -0.297359     2.428251
0.286437    -1.617380    -0.484349    -0.314528     2.416257
0.287929    -1.610870    -0.462865    -0.330422     2.404158
0.289421    -1.604562    -0.443619    -0.343774     2.391955
0.290913    -1.598456    -0.429703    -0.351490     2.379650
0.292405    -1.592556    -0.426000    -0.348687     2.367243
0.293897    -1.586864    -0.432773    -0.335101     2.354737
0.295389    -1.581381    -0.445170    -0.315584     2.342134
0.296880    -1.576110    -0.459910    -0.293415     2.329435
0.298372    -1.571053    -0.475639    -0.269950     2.316641
0.299864    -1.566212    -0.491791    -0.245753     2.303756
0.301356    -1.561590    -0.508104    -0.221086     2.290780
0.302848    -1.557190    -0.524442    -0.196085     2.277716
0.304340    -1.553012    -0.540726    -0.170829     2.264567
0.305832    -1.549061    -0.556908    -0.145365     2.251334
0.307323    -1.545338    -0.572955    -0.119726     2.238020
0.308815    -1.541846    -0.588846    -0.093935     2.224627
0.310307    -1.538588    -0.604562    -0.068009     2.211159
0.311799    -1.535565    -0.620091    -0.041961     2.197618
0.313291    -1.532781    -0.635422    -0.015803     2.184006
0.314783    -1.530239    -0.650547     0.010457     2.170329
0.316275    -1.527940    -0.665456     0.036808     2.156587
0.317766    -1.525888    -0.680143     0.063244     2.142786
0.319258    -1.524084    -0.694601     0.089757     2.128929
0.320750    -1.522532    -0.708826     0.116339     2.115019
0.322242    -1.521235    -0.722811     0.142984     2.101062
0.323734    -1.520193    -0.736551     0.169683     2.087061
0.325226    -1.519410    -0.750042     0.196430     2.073022
0.326718    -1.518888    -0.763279     0.223217     2.058950
0.328209    -1.518628    -0.776259     0.250037     2.044849
0.329701    -1.518632    -0.788977     0.276882     2.030727
0.331193    -1.518902    -0.801430     0.303743     2.016589
0.332685    -1.519439    -0.813615     0.330611     2.002443
0.334177    -1.520244    -0.825529     0.357478     1.988295
0.335669    -1.521318    -0.837170     0.384333     1.974154
0.337161    -1.522659    -0.848536     0.411167     1.960029
0.338652    -1.524269    -0.859626     0.437967     1.945929
0.340144    -1.526147    -0.870439     0.464722     1.931864
0.341636    -1.528291    -0.880974     0.491418     1.917847
0.343128    -1.530699    -0.891233     0.518042     1.903890
0.344620    -1.533370    -0.901214     0.544579     1.890006
0.346112    -1.536301    -0.910920     0.571010     1.876211
0.347604    -1.539488    -0.920353     0.597318     1.862523
0.349096    -1.542927    -0.929515     0.623482     1.848959
0.350587    -1.546613    -0.938410     0.649481     1.835542
0.352079    -1.550543    -0.947040     0.675287     1.822296
0.353571    -1.554709    -0.955411     0.700874     1.809245
0.355063    -1.559106    -0.963526     0.726211     1.796422
0.356555    -1.563727    -0.971392     0.751262     1.783858
0.358047    -1.568565    -0.979015     0.775988     1.771593
0.359539    -1.573613    -0.986400     0.800344     1.759668
0.361030    -1.578862    -0.993554     0.824282     1.748133
0.362522    -1.584304    -1.000485     0.847745     1.737043
0.364014    -1.589930    -1.007199     0.870670     1.726458
0.365506    -1.595731    -1.013705     0.892987     1.716449
0.366998    -1.601699    -1.020010     0.914616     1.707093
0.368490    -1.607824    -1.026122     0.935469     1.698477
0.369982    -1.614097    -1.032049     0.955449     1.690697
0.371473    -1.620508    -1.037800     0.974452     1.683856
0.372965    -1.627048    -1.043383     0.992364     1.678067
0.374457    -1.633709    -1.048805     1.009066     1.673448
0.375949    -1.640479    -1.054075     1.024438     1.670117
0.377441    -1.647352    -1.059201     1.038360     1.668193
0.378933    -1.654317    -1.064191     1.050721     1.667787
0.380425    -1.661365    -1.069051     1.061422     1.668995
0.381916    -1.668490    -1.073790     1.070387     1.671893
0.383408    -1.675681    -1.078415     1.077563     1.676532
0.384900    -1.682932    -1.082932     1.082932     1.682932
0.386392    -1.679334    -1.080711     1.080497     1.679548
0.387884    -1.675817    -1.078513     1.077650     1.676680
0.389376    -1.672381    -1.076335     1.074380     1.674336
0.390868    -1.669026    -1.074174     1.070679     1.672521
0.392359    -1.665751    -1.072026     1.066540     1.671238
0.393851    -1.662557    -1.069890     1.061961     1.670485
0.395343    -1.659442    -1.067761     1.056943     1.670260
0.396835    -1.656406    -1.065638     1.051487     1.670558
0.398327    -1.653450    -1.063518     1.045599     1.671369
0.399819    -1.650571    -1.061398     1.039285     1.672684
0.401311    -1.647770    -1.059276     1.032556     1.674490
0.402803    -1.645047    -1.057148     1.025423     1.676772
0.404294    -1.642400    -1.055013     1.017897     1.679516
0.405786    -1.639829    -1.052868     1.009994     1.682704
0.407278    -1.637333    -1.050711     1.001726     1.686318
0.408770    -1.634911    -1.048540     0.993111     1.690340
0.410262    -1.632564    -1.046352     0.984164     1.694751
0.411754    -1.630289    -1.044144     0.974900     1.699533
0.413246    -1.628086    -1.041917     0.965336     1.704666
0.414737    -1.625954    -1.039666     0.955489     1.710131
0.416229    -1.623893    -1.037390     0.945372     1.715911
0.417721    -1.621901    -1.035087     0.935003     1.721985
0.419213    -1.619977    -1.032757     0.924396     1.728338
0.420705    -1.618121    -1.030395     0.913565     1.734952
0.422197    -1.616331    -1.028002     0.902524     1.741810
0.423689    -1.614606    -1.025576     0.891286     1.748896
0.425180    -1.612945    -1.023115     0.879865     1.756195
0.426672    -1.611348    -1.020617     0.868272     1.763692
0.428164    -1.609812    -1.018081     0.856520     1.771374
0.429656    -1.608337    -1.015507     0.844618     1.779226
0.431148    -1.606921    -1.012892     0.832577     1.787235
0.432640    -1.605564    -1.010235     0.820408     1.795391
0.434132    -1.604263    -1.007536     0.808119     1.803680
0.435623    -1.603019    -1.004793     0.795720     1.812091
0.437115    -1.601829    -1.002005     0.783219     1.820615
0.438607    -1.600692    -0.999171     0.770624     1.829240
0.440099    -1.599608    -0.996291     0.757942     1.837957
0.441591    -1.598574    -0.993363     0.745180     1.846757
0.443083    -1.597589    -0.990387     0.732347     1.855630
0.444575    -1.596653    -0.987362     0.719447     1.864569
0.446066    -1.595764    -0.984288     0.706487     1.873565
0.447558    -1.594920    -0.981162     0.693472     1.882610
0.449050    -1.594120    -0.977986     0.680409     1.891697
0.450542    -1.593363    -0.974758     0.667303     1.900819
0.452034    -1.592648    -0.971478     0.654158     1.909969
0.453526    -1.591974    -0.968146     0.640980     1.919140
0.455018    -1.591338    -0.964760     0.627772     1.928326
0.456510    -1.590741    -0.961320     0.614541     1.937520
0.458001    -1.590179    -0.957827     0.601288     1.946718
0.459493    -1.589654    -0.954280     0.588020     1.955914
0.460985    -1.589162    -0.950678     0.574739     1.965101
0.462477    -1.588703    -0.947021     0.561449     1.974275
0.463969    -1.588276    -0.943309     0.548154     1.983431
0.465461    -1.587879    -0.939541     0.534857     1.992563
0.466953    -1.587512    -0.935718     0.521563     2.001668
0.468444    -1.587173    -0.931840     0.508273     2.010740
0.469936    -1.586861    -0.927905     0.494991     2.019775
0.471428    -1.586575    -0.923915     0.481721     2.028769
0.472920    -1.586313    -0.919868     0.468464     2.037717
0.474412    -1.586076    -0.915766     0.455225     2.046616
0.475904    -1.585861    -0.911607     0.442006     2.055462
0.477396    -1.585668    -0.907392     0.428809     2.064250
0.478887    -1.585495    -0.903121     0.415638     2.072978
0.480379    -1.585342    -0.898795     0.402495     2.081642
0.481871    -1.585208    -0.894412     0.389383     2.090237
0.483363    -1.585092    -0.889974     0.376304     2.098762
0.484855    -1.584993    -0.885480     0.363261     2.107212
0.486347    -1.584909    -0.880931     0.350256     2.115584
0.487839    -1.584841    -0.876327     0.337292     2.123876
0.489330    -1.584787    -0.871668     0.324371     2.132084
0.490822    -1.584747    -0.866955     0.311496     2.140205
0.492314    -1.584719    -0.862187     0.298670     2.148237
0.493806    -1.584704    -0.857366     0.285894     2.156176
0.495298    -1.584699    -0.852492     0.273171     2.164021
0.496790    -1.584705    -0.847566     0.260503     2.171768
0.498282    -1.584721    -0.842587     0.247894     2.179414
0.499773    -1.584746    -0.837557     0.235345     2.186958
0.501265    -1.584779    -0.832476     0.222859     2.194397
0.502757    -1.584821    -0.827346     0.210439     2.201728
0.504249    -1.584869    -0.822167     0.198087     2.208949
0.505741    -1.584924    -0.816940     0.185806     2.216059
0.507233    -1.584986    -0.811666     0.173598     2.223054
0.508725    -1.585052    -0.806347     0.161467     2.229933
0.510217    -1.585124    -0.800983     0.149415     2.236693
0.511708    -1.585201    -0.795577     0.137444     2.243333
0.513200    -1.585281    -0.790129     0.125559     2.249851
0.514692    -1.585365    -0.784641     0.113762     2.256244
0.516184    -1.585452    -0.779116     0.102056     2.262511
0.517676    -1.585541    -0.773555     0.090446     2.268651
0.519168    -1.585633    -0.767960     0.078933     2.274660
0.520660    -1.585727    -0.762334     0.067522     2.280539
0.522151    -1.585823    -0.756679     0.056218     2.286284
0.523643    -1.585919    -0.750999     0.045023     2.291895
0.525135    -1.586016    -0.745296     0.033943     2.297369
0.526627    -1.586114    -0.739573     0.022981     2.302706
0.528119    -1.586212    -0.733835     0.012143     2.307904
0.529611    -1.586310    -0.728086     0.001434     2.312962
0.531103    -1.586407    -0.722330    -0.009140     2.317877
0.532594    -1.586504    -0.716571    -0.019575     2.322650
0.534086    -1.586600    -0.710815    -0.029862     2.327278
0.535578    -1.586694    -0.705068    -0.039997     2.331760
0.537070    -1.586788    -0.699337    -0.049971     2.336095
0.538562    -1.586879    -0.693627    -0.059777     2.340283
0.540054    -1.586969    -0.687946    -0.069407     2.344321
0.541546    -1.587056    -0.682303    -0.078850     2.348210
0.543037    -1.587141    -0.676707    -0.088099     2.351947
0.544529    -1.587224    -0.671167    -0.097141     2.355532
0.546021    -1.587304    -0.665694    -0.105966     2.358965
0.547513    -1.587382    -0.660299    -0.114562     2.362243
0.549005    -1.587456    -0.654995    -0.122916     2.365367
0.550497    -1.587528    -0.649795    -0.131012     2.368335
0.551989    -1.587596    -0.644713    -0.138837     2.371147
0.553480    -1.587661    -0.639766    -0.146374     2.373802
0.554972    -1.587723    -0.634971    -0.153606     2.376300
0.556464    -1.587781    -0.630343    -0.160514     2.378639
0.557956    -1.587836    -0.625904    -0.167080     2.380820
0.559448    -1.587887    -0.621672    -0.173282     2.382841
0.560940    -1.587934    -0.617668    -0.179100     2.384702
0.562432    -1.587977    -0.613914    -0.184512     2.386403
0.563924    -1.588016    -0.610430    -0.189497     2.387943
0.565415    -1.588052    -0.607239    -0.194032     2.389323
0.566907    -1.588083    -0.604362    -0.198095     2.390540
0.568399    -1.588110    -0.601820    -0.201666     2.391596
0.569891    -1.588133    -0.599632    -0.204725     2.392490
0.571383    -1.588152    -0.597815    -0.207255     2.393222
0.572875    -1.588167    -0.596385    -0.209240     2.393791
0.574367    -1.588178    -0.595354    -0.210667     2.394198
0.575858    -1.588184    -0.594731    -0.211527     2.394442
0.577350    -1.588186    -0.594523    -0.211814     2.394523
0.578831    -1.588184    -0.594728    -0.211531     2.394443
0.580311    -1.588178    -0.595341    -0.210684     2.394203
0.581791    -1.588167    -0.596356    -0.209279     2.393802
0.583272    -1.588153    -0.597765    -0.207324     2.393242
0.584752    -1.588134    -0.599555    -0.204832     2.392521
0.586233    -1.588111    -0.601711    -0.201819     2.391641
0.587713    -1.588085    -0.604217    -0.198300     2.390601
0.589193    -1.588054    -0.607053    -0.194295     2.389402
0.590674    -1.588019    -0.610200    -0.189825     2.388044
0.592154    -1.587980    -0.613636    -0.184911     2.386527
0.593635    -1.587938    -0.617341    -0.179574     2.384852
0.595115    -1.587891    -0.621293    -0.173835     2.383019
0.596595    -1.587841    -0.625471    -0.167717     2.381029
0.598076    -1.587787    -0.629856    -0.161238     2.378882
0.599556    -1.587730    -0.634428    -0.154420     2.376578
0.601036    -1.587669    -0.639168    -0.147281     2.374118
0.602517    -1.587605    -0.644059    -0.139840     2.371503
0.603997    -1.587538    -0.649084    -0.132112     2.368734
0.605478    -1.587467    -0.654228    -0.124115     2.365810
0.606958    -1.587394    -0.659477    -0.115863     2.362734
0.608438    -1.587317    -0.664817    -0.107371     2.359505
0.609919    -1.587238    -0.670236    -0.098650     2.356124
0.611399    -1.587156    -0.675723    -0.089714     2.352592
0.612880    -1.587072    -0.681267    -0.080573     2.348911
0.614360    -1.586986    -0.686858    -0.071237     2.345081
0.615840    -1.586897    -0.692488    -0.061718     2.341103
0.617321    -1.586807    -0.698149    -0.052022     2.336977
0.618801    -1.586715    -0.703832    -0.042159     2.332706
0.620281    -1.586621    -0.709532    -0.032137     2.328290
0.621762    -1.586526    -0.715242    -0.021962     2.323730
0.623242    -1.586431    -0.720956    -0.011641     2.319028
0.624723    -1.586334    -0.726670    -0.001181     2.314185
0.626203    -1.586237    -0.732377     0.009413     2.309201
0.627683    -1.586140    -0.738074     0.020135     2.304079
0.629164    -1.586043    -0.743757     0.030980     2.298820
0.630644    -1.585946    -0.749422     0.041943     2.293425
0.632125    -1.585850    -0.755065     0.053020     2.287895
0.633605    -1.585755    -0.760684     0.064207     2.282232
0.635085    -1.585661    -0.766275     0.075499     2.276438
0.636566    -1.585570    -0.771837     0.086893     2.270514
0.638046    -1.585480    -0.777366     0.098384     2.264462
0.639526    -1.585393    -0.782860     0.109970     2.258283
0.641007    -1.585308    -0.788318     0.121647     2.251979
0.642487    -1.585227    -0.793738     0.133412     2.245553
0.643968    -1.585150    -0.799117     0.145262     2.239005
0.645448    -1.585077    -0.804454     0.157193     2.232339
0.646928    -1.585009    -0.809749     0.169203     2.225554
0.648409    -1.584946    -0.814998     0.181290     2.218655
0.649889    -1.584889    -0.820203     0.193450     2.211642
0.651370    -1.584839    -0.825360     0.205680     2.204518
0.652850    -1.584795    -0.830470     0.217979     2.197286
0.654330    -1.584758    -0.835531     0.230343     2.189946
0.655811    -1.584730    -0.840542     0.242770     2.182502
0.657291    -1.584711    -0.845504     0.255258     2.174956
0.658771    -1.584701    -0.850414     0.267804     2.167310
0.660252    -1.584700    -0.855273     0.280406     2.159567
0.661732    -1.584711    -0.860080     0.293061     2.151730
0.663213    -1.584733    -0.864834     0.305768     2.143800
0.664693    -1.584767    -0.869536     0.318522     2.135781
0.666173    -1.584815    -0.874183     0.331323     2.127675
0.667654    -1.584875    -0.878777     0.344168     2.119485
0.669134    -1.584951    -0.883317     0.357054     2.111215
0.670615    -1.585042    -0.887803     0.369978     2.102866
0.672095    -1.585149    -0.892234     0.382940     2.094443
0.673575    -1.585273    -0.896610     0.395935     2.085948
0.675056    -1.585415    -0.900932     0.408962     2.077385
0.676536    -1.585576    -0.905198     0.422018     2.068756
0.678016    -1.585757    -0.909409     0.435100     2.060066
0.679497    -1.585959    -0.913565     0.448206     2.051318
0.680977    -1.586182    -0.917666     0.461333     2.042515
0.682458    -1.586429    -0.921712     0.474479     2.033662
0.683938    -1.586699    -0.925702     0.487640     2.024761
0.685418    -1.586994    -0.929637     0.500813     2.015818
0.686899    -1.587316    -0.933517     0.513997     2.006836
0.688379    -1.587664    -0.937342     0.527187     1.997820
0.689860    -1.588041    -0.941113     0.540381     1.988773
0.691340    -1.588447    -0.944829     0.553575     1.979701
0.692820    -1.588883    -0.948490     0.566766     1.970607
0.694301    -1.589351    -0.952097     0.579950     1.961498
0.695781    -1.589852    -0.955651     0.593125     1.952378
0.697261    -1.590387    -0.959150     0.606286     1.943252
0.698742    -1.590957    -0.962597     0.619429     1.934125
0.700222    -1.591564    -0.965990     0.632551     1.925003
0.701703    -1.592208    -0.969331     0.645646     1.915892
0.703183    -1.592891    -0.972620     0.658712     1.906799
0.704663    -1.593615    -0.975857     0.671743     1.897728
0.706144    -1.594380    -0.979042     0.684735     1.888687
0.707624    -1.595187    -0.982178     0.697682     1.879683
0.709105    -1.596039    -0.985263     0.710580     1.870722
0.710585    -1.596936    -0.988298     0.723423     1.861812
0.712065    -1.597880    -0.991285     0.736204     1.852961
0.713546    -1.598871    -0.994224     0.748919     1.844176
0.715026    -1.599911    -0.997116     0.761560     1.835467
0.716506    -1.601002    -0.999961     0.774121     1.826842
0.717987    -1.602144    -1.002760     0.786594     1.818310
0.719467    -1.603339    -1.005514     0.798973     1.809880
0.720948    -1.604588    -1.008225     0.811249     1.801564
0.722428    -1.605892    -1.010893     0.823415     1.793370
0.723908    -1.607253    -1.013519     0.835460     1.785312
0.725389    -1.608672    -1.016104     0.847377     1.777399
0.726869    -1.610149    -1.018650     0.859155     1.769645
0.728350    -1.611687    -1.021158     0.870783     1.762061
0.729830    -1.613285    -1.023629     0.882252     1.754662
0.731310    -1.614946    -1.026064     0.893549     1.747461
0.732791    -1.616670    -1.028465     0.904663     1.740473
0.734271    -1.618459    -1.030834     0.915580     1.733712
0.735751    -1.620313    -1.033171     0.926289     1.727195
0.737232    -1.622233    -1.035479     0.936775     1.720937
0.738712    -1.624221    -1.037759     0.947024     1.714957
0.740193    -1.626278    -1.040013     0.957022     1.709270
0.741673    -1.628403    -1.042244     0.966752     1.703895
0.743153    -1.630599    -1.044451     0.976201     1.698850
0.744634    -1.632866    -1.046639     0.985352     1.694153
0.746114    -1.635205    -1.048808     0.994190     1.689824
0.747595    -1.637617    -1.050961     1.002698     1.685880
0.749075    -1.640102    -1.053100     1.010862     1.682339
0.750555    -1.642661    -1.055227     1.018667     1.679221
0.752036    -1.645295    -1.057345     1.026098     1.676542
0.753516    -1.648004    -1.059455     1.033142     1.674318
0.754997    -1.650790    -1.061561     1.039786     1.672565
0.756477    -1.653652    -1.063665     1.046020     1.671297
0.757957    -1.656591    -1.065769     1.051835     1.670525
0.759438    -1.659608    -1.067876     1.057224     1.670259
0.760918    -1.662702    -1.069988     1.062182     1.670508
0.762398    -1.665876    -1.072109     1.066707     1.671277
0.763879    -1.669128    -1.074240     1.070799     1.672569
0.765359    -1.672459    -1.076385     1.074461     1.674384
0.766840    -1.675870    -1.078547     1.077697     1.676720
0.768320    -1.679361    -1.080728     1.080517     1.679572
0.769800    -1.682932    -1.082932     1.082932     1.682932
0.771292    -1.686611    -1.085178     1.084967     1.686821
0.772784    -1.690372    -1.087452     1.086620     1.691205
0.774276    -1.694215    -1.089759     1.087908     1.696066
0.775768    -1.698140    -1.092100     1.088849     1.701391
0.777260    -1.702147    -1.094478     1.089466     1.707159
0.778752    -1.706236    -1.096898     1.089780     1.713354
0.780243    -1.710407    -1.099361     1.089815     1.719954
0.781735    -1.714660    -1.101872     1.089593     1.726939
0.783227    -1.718995    -1.104432     1.089138     1.734289
0.784719    -1.723411    -1.107046     1.088474     1.741983
0.786211    -1.727910    -1.109715     1.087625     1.750000
0.787703    -1.732490    -1.112444     1.086614     1.758320
0.789195    -1.737152    -1.115235     1.085463     1.766924
0.790686    -1.741895    -1.118090     1.084194     1.775791
0.792178    -1.746719    -1.121014     1.082829     1.784903
0.793670    -1.751623    -1.124008     1.081389     1.794243
0.795162    -1.756609    -1.127076     1.079892     1.803793
0.796654    -1.761674    -1.130220     1.078357     1.813538
0.798146    -1.766820    -1.133443     1.076803     1.823461
0.799638    -1.772045    -1.136748     1.075246     1.833547
0.801129    -1.777350    -1.140137     1.073702     1.843784
0.802621    -1.782733    -1.143612     1.072187     1.854159
0.804113    -1.788195    -1.147176     1.070714     1.864657
0.805605    -1.793735    -1.150832     1.069298     1.875269
0.807097    -1.799353    -1.154580     1.067950     1.885983
0.808589    -1.805048    -1.158425     1.066683     1.896789
0.810081    -1.810820    -1.162366     1.065509     1.907677
0.811572    -1.816667    -1.166408     1.064436     1.918639
0.813064    -1.822590    -1.170550     1.063476     1.929665
0.814556    -1.828589    -1.174796     1.062637     1.940748
0.816048    -1.834662    -1.179146     1.061928     1.951880
0.817540    -1.840809    -1.183601     1.061356     1.963054
0.819032    -1.847029    -1.188164     1.060930     1.974263
0.820524    -1.853321    -1.192836     1.060655     1.985502
0.822015    -1.859686    -1.197617     1.060539     1.996764
0.823507    -1.866122    -1.202509     1.060587     2.008044
0.824999    -1.872629    -1.207513     1.060805     2.019337
0.826491    -1.879205    -1.212628     1.061197     2.030637
0.827983    -1.885851    -1.217857     1.061768     2.041940
0.829475    -1.892565    -1.223199     1.062522     2.053242
0.830967    -1.899347    -1.228655     1.063462     2.064539
0.832459    -1.906195    -1.234224     1.064594     2.075826
0.833950    -1.913110    -1.239908     1.065918     2.087100
0.835442    -1.920090    -1.245706     1.067438     2.098358
0.836934    -1.927133    -1.251619     1.069157     2.109595
0.838426    -1.934241    -1.257645     1.071076     2.120810
0.839918    -1.941410    -1.263785     1.073197     2.131998
0.841410    -1.948642    -1.270038     1.075522     2.143157
0.842902    -1.955934    -1.276403     1.078052     2.154285
0.844393    -1.963285    -1.282881     1.080787     2.165379
0.845885    -1.970695    -1.289471     1.083730     2.176436
0.847377    -1.978163    -1.296170     1.086879     2.187455
0.848869    -1.985687    -1.302980     1.090236     2.198432
0.850361    -1.993267    -1.309898     1.093800     2.209366
0.851853    -2.000901    -1.316924     1.097571     2.220255
0.853345    -2.008589    -1.324057     1.101550     2.231096
0.854836    -2.016329    -1.331294     1.105734     2.241889
0.856328    -2.024120    -1.338636     1.110125     2.252631
0.857820    -2.031961    -1.346081     1.114721     2.263320
0.859312    -2.039850    -1.353626     1.119520     2.273956
0.860804    -2.047787    -1.361272     1.124523     2.284536
0.862296    -2.055771    -1.369015     1.129727     2.295059
0.863788    -2.063799    -1.376856     1.135131     2.305524
0.865279    -2.071872    -1.384791     1.140733     2.315930
0.866771    -2.079987    -1.392820     1.146533     2.326274
0.868263    -2.088143    -1.400940     1.152528     2.336556
0.869755    -2.096340    -1.409151     1.158715     2.346775
0.871247    -2.104575    -1.417450     1.165095     2.356930
0.872739    -2.112847    -1.425835     1.171663     2.367019
0.874231    -2.121155    -1.434305     1.178418     2.377042
0.875723    -2.129498    -1.442857     1.185359     2.386997
0.877214    -2.137875    -1.451491     1.192481     2.396884
0.878706    -2.146283    -1.460204     1.199784     2.406702
0.880198    -2.154721    -1.468994     1.207265     2.416450
0.881690    -2.163189    -1.477859     1.214921     2.426127
0.883182    -2.171684    -1.486798     1.222750     2.435732
0.884674    -2.180205    -1.495808     1.230748     2.445265
0.886166    -2.188751    -1.504889     1.238915     2.454725
0.887657    -2.197321    -1.514037     1.247246     2.464112
0.889149    -2.205912    -1.523251     1.255739     2.473424
0.890641    -2.214523    -1.532529     1.264391     2.482661
0.892133    -2.223153    -1.541870     1.273200     2.491823
0.893625    -2.231801    -1.551271     1.282163     2.500908
0.895117    -2.240464    -1.560731     1.291277     2.509918
0.896609    -2.249141    -1.570247     1.300539     2.518850
0.898100    -2.257832    -1.579819     1.309946     2.527705
0.899592    -2.266533    -1.589444     1.319495     2.536482
0.901084    -2.275244    -1.599120     1.329183     2.545181
0.902576    -2.283964    -1.608846     1.339009     2.553801
0.904068    -2.292690    -1.618620     1.348967     2.562343
0.905560    -2.301421    -1.628440     1.359057     2.570805
0.907052    -2.310156    -1.638305     1.369274     2.579187
0.908543    -2.318894    -1.648212     1.379616     2.587490
0.910035    -2.327631    -1.658161     1.390080     2.595713
0.911527    -2.336368    -1.668150     1.400662     2.603855
0.913019    -2.345102    -1.678176     1.411361     2.611917
0.914511    -2.353833    -1.688239     1.422173     2.619899
0.916003    -2.362558    -1.698336     1.433095     2.627799
0.917495    -2.371276    -1.708467     1.444124     2.635619
0.918986    -2.379985    -1.718630     1.455257     2.643358
0.920478    -2.388685    -1.728822     1.466492     2.651015
0.921970    -2.397373    -1.739044     1.477825     2.658591
0.923462    -2.406048    -1.749292     1.489254     2.666086
0.924954    -2.414708    -1.759567     1.500776     2.673499
0.926446    -2.423353    -1.769865     1.512387     2.680831
0.927938    -2.431981    -1.780187     1.524086     2.688082
0.929430    -2.440589    -1.790530     1.535868     2.695251
0.930921    -2.449178    -1.800893     1.547732     2.702338
0.932413    -2.457744    -1.811275     1.559674     2.709345
0.933905    -2.466288    -1.821674     1.571692     2.716270
0.935397    -2.474807    -1.832090     1.583783     2.723114
0.936889    -2.483300    -1.842520     1.595944     2.729877
0.938381    -2.491766    -1.852964     1.608172     2.736558
0.939873    -2.500204    -1.863420     1.620464     2.743159
0.941364    -2.508611    -1.873886     1.632818     2.749679
0.942856    -2.516987    -1.884363     1.645232     2.756119
0.944348    -2.525331    -1.894848     1.657701     2.762477
0.945840    -2.533640    -1.905340     1.670224     2.768756
0.947332    -2.541915    -1.915838     1.682798     2.774955
0.948824    -2.550152    -1.926341     1.695421     2.781073
0.950316    -2.558352    -1.936848     1.708088     2.787112
0.951807    -2.566513    -1.947357     1.720799     2.793071
0.953299    -2.574634    -1.957868     1.733550     2.798952
0.954791    -2.582713    -1.968379     1.746339     2.804753
0.956283    -2.590749    -1.978888     1.759162     2.810475
0.957775    -2.598742    -1.989396     1.772019     2.816119
0.959267    -2.606690    -1.999900     1.784905     2.821685
0.960759    -2.614591    -2.010400     1.797818     2.827173
0.962250    -2.622445    -2.020895     1.810757     2.832583
0.963742    -2.630250    -2.031383     1.823717     2.837916
0.965234    -2.638006    -2.041864     1.836698     2.843172
0.966726    -2.645712    -2.052335     1.849695     2.848352
0.968218    -2.653365    -2.062798     1.862708     2.853455
0.969710    -2.660966    -2.073249     1.875733     2.858482
0.971202    -2.668513    -2.083688     1.888767     2.863434
0.972693    -2.676005    -2.094115     1.901810     2.868310
0.974185    -2.683442    -2.104528     1.914857     2.873112
0.975677    -2.690821    -2.114925     1.927907     2.877839
0.977169    -2.698143    -2.125307     1.940958     2.882492
0.978661    -2.705406    -2.135672     1.954006     2.887072
0.980153    -2.712610    -2.146019     1.967050     2.891578
0.981645    -2.719753    -2.156346     1.980088     2.896011
0.983137    -2.726834    -2.166654     1.993116     2.900372
0.984628    -2.733854    -2.176940     2.006133     2.904661
0.986120    -2.740810    -2.187205     2.019136     2.908879
0.987612    -2.747702    -2.197447     2.032124     2.913025
0.989104    -2.754529    -2.207664     2.045093     2.917100
0.990596    -2.761291    -2.217857     2.058042     2.921105
0.992088    -2.767986    -2.228023     2.070969     2.925040
0.993580    -2.774614    -2.238163     2.083871     2.928906
0.995071    -2.781174    -2.248275     2.096746     2.932703
0.996563    -2.787665    -2.258358     2.109592     2.936432
0.998055    -2.794087    -2.268411     2.122406     2.940092
0.999547    -2.800439    -2.278434     2.135188     2.943685
1.001039    -2.806719    -2.288425     2.147934     2.947210
1.002531    -2.812929    -2.298383     2.160642     2.950669
1.004023    -2.819066    -2.308307     2.173311     2.954062
1.005514    -2.825130    -2.318198     2.185938     2.957389
1.007006    -2.831120    -2.328052     2.198522     2.960651
1.008498    -2.837037    -2.337871     2.211060     2.963848
1.009990    -2.842879    -2.347652     2.223550     2.966980
1.011482    -2.848645    -2.357394     2.235991     2.970049
1.012974    -2.854336    -2.367098     2.248380     2.973054
1.014466    -2.859950    -2.376762     2.260715     2.975997
1.015957    -2.865487    -2.386385     2.272995     2.978876
1.017449    -2.870946    -2.395966     2.285218     2.981694
1.018941    -2.876327    -2.405504     2.297382     2.984450
1.020433    -2.881630    -2.414999     2.309484     2.987145
1.021925    -2.886854    -2.424450     2.321524     2.989780
1.023417    -2.891998    -2.433855     2.333499     2.992354
1.024909    -2.897062    -2.443213     2.345407     2.994868
1.026400    -2.902045    -2.452525     2.357248     2.997323
1.027892    -2.906948    -2.461789     2.369018     2.999719
1.029384    -2.911769    -2.471004     2.380717     3.002056
1.030876    -2.916508    -2.480169     2.392342     3.004335
1.032368    -2.921165    -2.489284     2.403892     3.006557
1.033860    -2.925739    -2.498348     2.415366     3.008721
1.035352    -2.930230    -2.507359     2.426761     3.010829
1.036844    -2.934638    -2.516318     2.438077     3.012879
1.038335    -2.938962    -2.525223     2.449310     3.014874
1.039827    -2.943202    -2.534073     2.460461     3.016813
1.041319    -2.947357    -2.542868     2.471528     3.018697
1.042811    -2.951427    -2.551606     2.482508     3.020525
1.044303    -2.955412    -2.560288     2.493401     3.022299
1.045795    -2.959311    -2.568911     2.504204     3.024018
1.047287    -2.963125    -2.577476     2.514918     3.025684
1.048778    -2.966852    -2.585982     2.525540     3.027295
1.050270    -2.970493    -2.594428     2.536068     3.028853
1.051762    -2.974047    -2.602813     2.546502     3.030358
1.053254    -2.977514    -2.611136     2.556841     3.031810
1.054746    -2.980894    -2.619397     2.567082     3.033209
1.056238    -2.984186    -2.627595     2.577225     3.034556
1.057730    -2.987390    -2.635729     2.587269     3.035851
1.059221    -2.990507    -2.643799     2.597212     3.037093
1.060713    -2.993534    -2.651803     2.607053     3.038284
1.062205    -2.996474    -2.659742     2.616792     3.039423
1.063697    -2.999324    -2.667613     2.626426     3.040511
1.065189    -3.002086    -2.675418     2.635956     3.041547
1.066681    -3.004758    -2.683154     2.645380     3.042532
1.068173    -3.007340    -2.690822     2.654696     3.043466
1.069664    -3.009834    -2.698420     2.663905     3.044349
1.071156    -3.012237    -2.705949     2.673005     3.045181
1.072648    -3.014550    -2.713407     2.681995     3.045962
1.074140    -3.016773    -2.720794     2.690875     3.046692
1.075632    -3.018906    -2.728108     2.699643     3.047371
1.077124    -3.020948    -2.735351     2.708300     3.047999
1.078616    -3.022899    -2.742520     2.716843     3.048575
1.080107    -3.024759    -2.749615     2.725273     3.049101
1.081599    -3.026529    -2.756636     2.733590     3.049575
1.083091    -3.028207    -2.763583     2.741791     3.049998
1.084583    -3.029794    -2.770454     2.749878     3.050370
1.086075    -3.031289    -2.777249     2.757848     3.050690
1.087567    -3.032693    -2.783967     2.765703     3.050957
1.089059    -3.034005    -2.790608     2.773441     3.051173
1.090551    -3.035226    -2.797172     2.781062     3.051336
1.092042    -3.036354    -2.803657     2.788565     3.051446
1.093534    -3.037391    -2.810064     2.795951     3.051504
1.095026    -3.038335    -2.816392     2.803219     3.051508
1.096518    -3.039187    -2.822640     2.810369     3.051458
1.098010    -3.039946    -2.828808     2.817401     3.051353
1.099502    -3.040614    -2.834895     2.824315     3.051194
1.100994    -3.041188    -2.840902     2.831110     3.050980
1.102485    -3.041671    -2.846826     2.837786     3.050711
1.103977    -3.042060    -2.852669     2.844345     3.050385
1.105469    -3.042357    -2.858430     2.850785     3.050002
1.106961    -3.042561    -2.864107     2.857106     3.049562
1.108453    -3.042672    -2.869701     2.863310     3.049063
1.109945    -3.042690    -2.875212     2.869396     3.048506
1.111437    -3.042615    -2.880639     2.875364     3.047890
1.112928    -3.042448    -2.885981     2.881215     3.047214
1.114420    -3.042187    -2.891238     2.886949     3.046476
1.115912    -3.041833    -2.896410     2.892567     3.045677
1.117404    -3.041387    -2.901497     2.898068     3.044816
1.118896    -3.040847    -2.906498     2.903454     3.043891
1.120388    -3.040214    -2.911412     2.908725     3.042901
1.121880    -3.039487    -2.916240     2.913881     3.041847
1.123371    -3.038668    -2.920981     2.918923     3.040727
1.124863    -3.037756    -2.925635     2.923852     3.039539
1.126355    -3.036750    -2.930202     2.928669     3.038283
1.127847    -3.035652    -2.934680     2.933373     3.036958
1.129339    -3.034460    -2.939071     2.937967     3.035563
1.130831    -3.033175    -2.943373     2.942451     3.034097
1.132323    -3.031797    -2.947587     2.946825     3.032559
1.133814    -3.030326    -2.951711     2.951091     3.030947
1.135306    -3.028762    -2.955747     2.955249     3.029260
1.136798    -3.027105    -2.959693     2.959301     3.027498
1.138290    -3.025356    -2.963550     2.963247     3.025658
1.139782    -3.023513    -2.967316     2.967089     3.023741
1.141274    -3.021578    -2.970993     2.970827     3.021744
1.142766    -3.019550    -2.974580     2.974463     3.019667
1.144258    -3.017429    -2.978076     2.977997     3.017508
1.145749    -3.015216    -2.981481     2.981432     3.015266
1.147241    -3.012911    -2.984795     2.984767     3.012939
1.148733    -3.010513    -2.988019     2.988004     3.010528
1.150225    -3.008023    -2.991151     2.991145     3.008029
1.151717    -3.005440    -2.994192     2.994191     3.005442
1.153209    -3.002766    -2.997142     2.997142     3.002766
1.154701    -3.000000    -3.000000     3.000000     3.000000
1.156182    -3.002734    -2.997149     2.997149     3.002734
1.157664    -3.005351    -2.994182     2.994180     3.005353
1.159145    -3.007851    -2.991097     2.991091     3.007857
1.160626    -3.010234    -2.987897     2.987883     3.010249
1.162108    -3.012500    -2.984580     2.984552     3.012528
1.163589    -3.014648    -2.981147     2.981099     3.014697
1.165071    -3.016679    -2.977599     2.977522     3.016756
1.166552    -3.018592    -2.973935     2.973820     3.018707
1.168034    -3.020388    -2.970155     2.969992     3.020551
1.169515    -3.022066    -2.966260     2.966036     3.022290
1.170997    -3.023627    -2.962250     2.961952     3.023924
1.172478    -3.025069    -2.958125     2.957739     3.025455
1.173960    -3.026394    -2.953885     2.953396     3.026884
1.175441    -3.027601    -2.949531     2.948920     3.028212
1.176923    -3.028690    -2.945063     2.944313     3.029440
1.178404    -3.029661    -2.940482     2.939572     3.030570
1.179886    -3.030514    -2.935786     2.934697     3.031603
1.181367    -3.031250    -2.930978     2.929687     3.032541
1.182849    -3.031867    -2.926056     2.924540     3.033383
1.184330    -3.032367    -2.921022     2.919257     3.034132
1.185812    -3.032748    -2.915875     2.913836     3.034788
1.187293    -3.033012    -2.910617     2.908276     3.035353
1.188775    -3.033158    -2.905246     2.902577     3.035827
1.190256    -3.033186    -2.899765     2.896738     3.036213
1.191738    -3.033096    -2.894172     2.890758     3.036510
1.193219    -3.032889    -2.888469     2.884637     3.036721
1.194701    -3.032564    -2.882656     2.878374     3.036846
1.196182    -3.032121    -2.876733     2.871968     3.036886
1.197664    -3.031561    -2.870700     2.865419     3.036842
1.199145    -3.030883    -2.864558     2.858726     3.036715
1.200626    -3.030088    -2.858308     2.851889     3.036507
1.202108    -3.029175    -2.851950     2.844907     3.036218
1.203589    -3.028145    -2.845484     2.837780     3.035849
1.205071    -3.026998    -2.838910     2.830507     3.035401
1.206552    -3.025734    -2.832230     2.823089     3.034875
1.208034    -3.024353    -2.825444     2.815525     3.034273
1.209515    -3.022855    -2.818552     2.807814     3.033594
1.210997    -3.021241    -2.811555     2.799956     3.032840
1.212478    -3.019509    -2.804452     2.791951     3.032011
1.213960    -3.017662    -2.797246     2.783799     3.031109
1.215441    -3.015698    -2.789936     2.775500     3.030134
1.216923    -3.013617    -2.782523     2.767053     3.029088
1.218404    -3.011421    -2.775007     2.758458     3.027970
1.219886    -3.009109    -2.767390     2.749717     3.026782
1.221367    -3.006680    -2.759671     2.740827     3.025524
1.222849    -3.004137    -2.751851     2.731790     3.024198
1.224330    -3.001477    -2.743931     2.722605     3.022804
1.225812    -2.998703    -2.735912     2.713273     3.021342
1.227293    -2.995813    -2.727793     2.703793     3.019814
1.228775    -2.992809    -2.719577     2.694166     3.018220
1.230256    -2.989689    -2.711263     2.684392     3.016560
1.231738    -2.986456    -2.702852     2.674470     3.014837
1.233219    -2.983107    -2.694344     2.664403     3.013049
1.234701    -2.979645    -2.685742     2.654188     3.011198
1.236182    -2.976068    -2.677044     2.643828     3.009284
1.237664    -2.972378    -2.668252     2.633322     3.007309
1.239145    -2.968575    -2.659367     2.622670     3.005272
1.240626    -2.964658    -2.650390     2.611873     3.003175
1.242108    -2.960628    -2.641321     2.600931     3.001017
1.243589    -2.956485    -2.632160     2.589845     2.998800
1.245071    -2.952230    -2.622910     2.578615     2.996524
1.246552    -2.947862    -2.613569     2.567242     2.994189
1.248034    -2.943382    -2.604141     2.555726     2.991797
1.249515    -2.938791    -2.594624     2.544067     2.989347
1.250997    -2.934088    -2.585020     2.532267     2.986841
1.252478    -2.929273    -2.575331     2.520325     2.984279
1.253960    -2.924348    -2.565556     2.508243     2.981661
1.255441    -2.919312    -2.555696     2.496021     2.978988
1.256923    -2.914166    -2.545753     2.483659     2.976261
1.258404    -2.908910    -2.535728     2.471158     2.973479
1.259886    -2.903544    -2.525620     2.458520     2.970644
1.261367    -2.898068    -2.515432     2.445744     2.967756
1.262849    -2.892484    -2.505164     2.432832     2.964816
1.264330    -2.886791    -2.494816     2.419783     2.961824
1.265812    -2.880989    -2.484391     2.406600     2.958780
1.267293    -2.875079    -2.473889     2.393282     2.955686
1.268775    -2.869062    -2.463310     2.379831     2.952541
1.270256    -2.862938    -2.452657     2.366248     2.949346
1.271738    -2.856706    -2.441929     2.352533     2.946102
1.273219    -2.850368    -2.431128     2.338686     2.942810
1.274701    -2.843924    -2.420255     2.324710     2.939469
1.276182    -2.837375    -2.409310     2.310605     2.936080
1.277664    -2.830720    -2.398296     2.296372     2.932644
1.279145    -2.823960    -2.387213     2.282011     2.929161
1.280626    -2.817096    -2.376061     2.267524     2.925633
1.282108    -2.810128    -2.364842     2.252913     2.922058
1.283589    -2.803057    -2.353558     2.238176     2.918438
1.285071    -2.795883    -2.342209     2.223317     2.914774
1.286552    -2.788606    -2.330795     2.208335     2.911066
1.288034    -2.781227    -2.319319     2.193233     2.907314
1.289515    -2.773748    -2.307782     2.178010     2.903520
1.290997    -2.766167    -2.296184     2.162668     2.899683
1.292478    -2.758486    -2.284526     2.147208     2.895804
1.293960    -2.750705    -2.272810     2.131632     2.891884
1.295441    -2.742825    -2.261037     2.115940     2.887923
1.296923    -2.734847    -2.249208     2.100133     2.883922
1.298404    -2.726771    -2.237324     2.084213     2.879881
1.299886    -2.718597    -2.225386     2.068181     2.875802
1.301367    -2.710327    -2.213395     2.052038     2.871684
1.302849    -2.701961    -2.201353     2.035785     2.867529
1.304330    -2.693500    -2.189260     2.019423     2.863337
1.305812    -2.684944    -2.177118     2.002954     2.859108
1.307293    -2.676295    -2.164928     1.986379     2.854844
1.308775    -2.667552    -2.152691     1.969699     2.850544
1.310256    -2.658717    -2.140408     1.952915     2.846210
1.311738    -2.649791    -2.128080     1.936029     2.841842
1.313219    -2.640774    -2.115709     1.919042     2.837441
1.314701    -2.631667    -2.103295     1.901955     2.833007
1.316182    -2.622471    -2.090840     1.884769     2.828542
1.317664    -2.613188    -2.078345     1.867487     2.824046
1.319145    -2.603817    -2.065811     1.850108     2.819520
1.320626    -2.594360    -2.053239     1.832635     2.814964
1.322108    -2.584817    -2.040630     1.815069     2.810379
1.323589    -2.575191    -2.027986     1.797410     2.805766
1.325071    -2.565481    -2.015307     1.779662     2.801126
1.326552    -2.555689    -2.002595     1.761824     2.796460
1.328034    -2.545817    -1.989851     1.743899     2.791768
1.329515    -2.535864    -1.977075     1.725888     2.787052
1.330997    -2.525833    -1.964269     1.707791     2.782311
1.332478    -2.515724    -1.951435     1.689611     2.777547
1.333960    -2.505539    -1.938572     1.671350     2.772761
1.335441    -2.495278    -1.925683     1.653007     2.767954
1.336923    -2.484945    -1.912768     1.634586     2.763126
1.338404    -2.474538    -1.899828     1.616087     2.758279
1.339886    -2.464061    -1.886864     1.597512     2.753413
1.341367    -2.453515    -1.873877     1.578862     2.748530
1.342849    -2.442900    -1.860868     1.560139     2.743629
1.344330    -2.432219    -1.847839     1.541345     2.738713
1.345812    -2.421473    -1.834789     1.522480     2.733783
1.347293    -2.410664    -1.821721     1.503547     2.728838
1.348775    -2.399794    -1.808634     1.484546     2.723881
1.350256    -2.388863    -1.795530     1.465480     2.718913
1.351738    -2.377875    -1.782409     1.446350     2.713934
1.353219    -2.366830    -1.769273     1.427158     2.708945
1.354701    -2.355731    -1.756122     1.407905     2.703948
1.356182    -2.344580    -1.742956     1.388592     2.698943
1.357664    -2.333378    -1.729777     1.369222     2.693932
1.359145    -2.322128    -1.716585     1.349796     2.688917
1.360626    -2.310832    -1.703381     1.330316     2.683897
1.362108    -2.299493    -1.690165     1.310782     2.678875
1.363589    -2.288112    -1.676938     1.291198     2.673852
1.365071    -2.276691    -1.663700     1.271564     2.668828
1.366552    -2.265235    -1.650452     1.251882     2.663805
1.368034    -2.253744    -1.637194     1.232154     2.658784
1.369515    -2.242221    -1.623927     1.212381     2.653767
1.370997    -2.230669    -1.610651     1.192565     2.648755
1.372478    -2.219092    -1.597366     1.172709     2.643749
1.373960    -2.207491    -1.584072     1.152813     2.638750
1.375441    -2.195870    -1.570770     1.132879     2.633760
1.376923    -2.184231    -1.557459     1.112910     2.628781
1.378404    -2.172579    -1.544140     1.092906     2.623812
1.379886    -2.160915    -1.530812     1.072870     2.618857
1.381367    -2.149243    -1.517476     1.052803     2.613916
1.382849    -2.137568    -1.504131     1.032708     2.608991
1.384330    -2.125891    -1.490777     1.012585     2.604083
1.385812    -2.114218    -1.477414     0.992438     2.599193
1.387293    -2.102550    -1.464041     0.972267     2.594324
1.388775    -2.090894    -1.450658     0.952075     2.589476
1.390256    -2.079251    -1.437264     0.931864     2.584651
1.391738    -2.067626    -1.423860     0.911635     2.579851
1.393219    -2.056024    -1.410443     0.891390     2.575077
1.394701    -2.044448    -1.397015     0.871132     2.570331
1.396182    -2.032903    -1.383573     0.850862     2.565614
1.397664    -2.021393    -1.370117     0.830582     2.560928
1.399145    -2.009923    -1.356646     0.810295     2.556274
1.400626    -1.998497    -1.343160     0.790003     2.551654
1.402108    -1.987120    -1.329656     0.769707     2.547069
1.403589    -1.975797    -1.316135     0.749409     2.542522
1.405071    -1.964532    -1.302594     0.729113     2.538013
1.406552    -1.953332    -1.289034     0.708820     2.533545
1.408034    -1.942200    -1.275452     0.688533     2.529119
1.409515    -1.931142    -1.261848     0.668253     2.524736
1.410997    -1.920163    -1.248219     0.647984     2.520399
1.412478    -1.909268    -1.234566     0.627727     2.516108
1.413960    -1.898464    -1.220886     0.607485     2.511866
1.415441    -1.887755    -1.207179     0.587261     2.507674
1.416923    -1.877147    -1.193443     0.567057     2.503534
1.418404    -1.866645    -1.179677     0.546875     2.499447
1.419886    -1.856256    -1.165880     0.526720     2.495415
1.421367    -1.845984    -1.152050     0.506593     2.491440
1.422849    -1.835835    -1.138186     0.486498     2.487523
1.424330    -1.825816    -1.124288     0.466438     2.483667
1.425812    -1.815932    -1.110355     0.446415     2.479871
1.427293    -1.806188    -1.096386     0.426434     2.476140
1.428775    -1.796590    -1.082379     0.406498     2.472472
1.430256    -1.787145    -1.068336     0.386610     2.468871
1.431738    -1.777857    -1.054255     0.366774     2.465339
1.433219    -1.768733    -1.040137     0.346994     2.461875
1.434701    -1.759777    -1.025981     0.327276     2.458483
1.436182    -1.750996    -1.011789     0.307622     2.455163
1.437664    -1.742395    -0.997561     0.288039     2.451918
1.439145    -1.733980    -0.983299     0.268531     2.448748
1.440626    -1.725755    -0.969004     0.249104     2.445655
1.442108    -1.717726    -0.954679     0.229764     2.442640
1.443589    -1.709898    -0.940325     0.210518     2.439706
1.445071    -1.702277    -0.925948     0.191372     2.436853
1.446552    -1.694866    -0.911551     0.172335     2.434083
1.448034    -1.687671    -0.897139     0.153414     2.431396
1.449515    -1.680697    -0.882718     0.134619     2.428795
1.450997    -1.673948    -0.868295     0.115961     2.426281
1.452478    -1.667428    -0.853879     0.097451     2.423855
1.453960    -1.661141    -0.839479     0.079102     2.421518
1.455441    -1.655092    -0.825107     0.060928     2.419271
1.456923    -1.649285    -0.810776     0.042945     2.417115
1.458404    -1.643722    -0.796503     0.025172     2.415053
1.459886    -1.638409    -0.782305     0.007630     2.413083
1.461367    -1.633348    -0.768204    -0.009657     2.411209
1.462849    -1.628542    -0.754226    -0.026662     2.409430
1.464330    -1.623994    -0.740400    -0.043353     2.407747
1.465812    -1.619708    -0.726760    -0.059693     2.406162
1.467293    -1.615686    -0.713349    -0.075640     2.404675
1.468775    -1.611930    -0.700212    -0.091145     2.403287
1.470256    -1.608444    -0.687408    -0.106148     2.401999
1.471738    -1.605228    -0.675000    -0.120584     2.400812
1.473219    -1.602285    -0.663066    -0.134374     2.399725
1.474701    -1.599617    -0.651694    -0.147429     2.398741
1.476182    -1.597226    -0.640986    -0.159646     2.397858
1.477664    -1.595112    -0.631058    -0.170908     2.397078
1.479145    -1.593278    -0.622036    -0.181088     2.396402
1.480626    -1.591724    -0.614058    -0.190046     2.395828
1.482108    -1.590451    -0.607268    -0.197639     2.395359
1.483589    -1.589461    -0.601805    -0.203727     2.394993
1.485071    -1.588753    -0.597798    -0.208182     2.394732
1.486552    -1.588328    -0.595348    -0.210900     2.394576
1.488034    -1.588186    -0.594523    -0.211814     2.394523
