0.000000    -16.972079    -16.972079    -10.000000    -10.000000    -5.000000    -5.000000    -3.000000    -3.000000    -2.011429    -2.011429    -1.251637    -1.251637     0.000000     0.000000     0.000000     0.000000     1.953829     1.953829     15.281317     15.281317
0.000998    -16.970515    -16.970515    -10.000000    -10.000000    -5.001381    -5.001381    -3.000000    -3.000000    -2.011338    -2.011338    -1.251640    -1.251640    -0.000000    -0.000000     0.000000     0.000000     1.953755     1.953755     15.279739     15.279739
0.001997    -16.965825    -16.965825    -10.000000    -10.000000    -5.005524    -5.005524    -3.000000    -3.000000    -2.011066    -2.011066    -1.251648    -1.251648    -0.000000    -0.000000    -0.000000    -0.000000     1.953532     1.953532     15.275006     15.275006
0.002995    -16.958009    -16.958009    -10.000000    -10.000000    -5.012425    -5.012425    -3.000000    -3.000000    -2.010611    -2.010611    -1.251662    -1.251662    -0.000000    -0.000000    -0.000000    -0.000000     1.953162     1.953162     15.267119     15.267119
0.003993    -16.947070    -16.947070    -10.000000    -10.000000    -5.022076    -5.022076    -3.000000    -3.000000    -2.009973    -2.009973    -1.251681    -1.251681    -0.000000    -0.000000     0.000000     0.000000     1.952642     1.952642     15.256082     15.256082
0.004992    -16.933013    -16.933013    -10.000000    -10.000000    -5.034470    -5.034470    -3.000000    -3.000000    -2.009152    -2.009152    -1.251706    -1.251706    -0.000000    -0.000000    -0.000000    -0.000000     1.951973     1.951973     15.241898     15.241898
0.005990    -16.915843    -16.915843    -10.000000    -10.000000    -5.049593    -5.049593    -3.000000    -3.000000    -2.008148    -2.008148    -1.251736    -1.251736    -0.000000    -0.000000    -0.000000    -0.000000     1.951154     1.951154     15.224572     15.224572
0.006988    -16.895564    -16.895564    -10.000000    -10.000000    -5.067434    -5.067434    -3.000000    -3.000000    -2.006958    -2.006958    -1.251771    -1.251771    -0.000000    -0.000000     0.000000     0.000000     1.950184     1.950184     15.204110     15.204110
0.007986    -16.872186    -16.872186    -10.000000    -10.000000    -5.087973    -5.087973    -3.000000    -3.000000    -2.005582    -2.005582    -1.251813    -1.251813    -0.000000    -0.000000     0.000000     0.000000     1.949061     1.949061     15.180519     15.180519
0.008985    -16.845715    -16.845715    -10.000000    -10.000000    -5.111193    -5.111193    -3.000000    -3.000000    -2.004018    -2.004018    -1.251859    -1.251859     0.000000     0.000000     0.000000     0.000000     1.947785     1.947785     15.153807     15.153807
0.009983    -16.816161    -16.816161    -10.000000    -10.000000    -5.137071    -5.137071    -3.000000    -3.000000    -2.002266    -2.002266    -1.251912    -1.251912    -0.000000    -0.000000     0.000000     0.000000     1.946354     1.946354     15.123984     15.123984
0.010981    -16.783534    -16.783534    -10.000000    -10.000000    -5.165583    -5.165583    -3.000000    -3.000000    -2.000323    -2.000323    -1.251970    -1.251970     0.000000     0.000000     0.000000     0.000000     1.944767     1.944767     15.091061     15.091061
0.011980    -16.747847    -16.747847    -10.000000    -10.000000    -5.196703    -5.196703    -3.000000    -3.000000    -1.998186    -1.998186    -1.252034    -1.252034     0.000000     0.000000     0.000000     0.000000     1.943020     1.943020     15.055048     15.055048
0.012978    -16.709112    -16.709112    -10.000000    -10.000000    -5.230400    -5.230400    -3.000000    -3.000000    -1.995855    -1.995855    -1.252104    -1.252104    -0.000000    -0.000000    -0.000000    -0.000000     1.941114     1.941114     15.015958     15.015958
0.013976    -16.667343    -16.667343    -10.000000    -10.000000    -5.266645    -5.266645    -3.000000    -3.000000    -1.993327    -1.993327    -1.252179    -1.252179    -0.000000    -0.000000    -0.000000    -0.000000     1.939044     1.939044     14.973805     14.973805
0.014975    -16.622554    -16.622554    -10.000000    -10.000000    -5.305402    -5.305402    -3.000000    -3.000000    -1.990599    -1.990599    -1.252261    -1.252261    -0.000000    -0.000000     0.000000     0.000000     1.936809     1.936809     14.928605     14.928605
0.015973    -16.574762    -16.574762    -10.000000    -10.000000    -5.346636    -5.346636    -3.000000    -3.000000    -1.987669    -1.987669    -1.252348    -1.252348    -0.000000    -0.000000    -0.000000    -0.000000     1.934407     1.934407     14.880372     14.880372
0.016971    -16.523984    -16.523984    -10.000000    -10.000000    -5.390308    -5.390308    -3.000000    -3.000000    -1.984533    -1.984533    -1.252441    -1.252441    -0.000000    -0.000000     0.000000     0.000000     1.931833     1.931833     14.829125     14.829125
0.017969    -16.470238    -16.470238    -10.000000    -10.000000    -5.436377    -5.436377    -3.000000    -3.000000    -1.981188    -1.981188    -1.252541    -1.252541    -0.000000    -0.000000     0.000000     0.000000     1.929086     1.929086     14.774881     14.774881
0.018968    -16.413543    -16.413543    -10.000000    -10.000000    -5.484800    -5.484800    -3.000000    -3.000000    -1.977631    -1.977631    -1.252647    -1.252647     0.000000     0.000000     0.000000     0.000000     1.926162     1.926162     14.717659     14.717659
0.019966    -16.353921    -16.353921    -10.000000    -10.000000    -5.535532    -5.535532    -3.000000    -3.000000    -1.973858    -1.973858    -1.252759    -1.252759    -0.000000    -0.000000    -0.000000    -0.000000     1.923057     1.923057     14.657481     14.657481
0.020964    -16.291392    -16.291392    -10.000000    -10.000000    -5.588526    -5.588526    -3.000000    -3.000000    -1.969866    -1.969866    -1.252877    -1.252877    -0.000000    -0.000000    -0.000000    -0.000000     1.919767     1.919767     14.594368     14.594368
0.021963    -16.225980    -16.225980    -10.000000    -10.000000    -5.643732    -5.643732    -3.000000    -3.000000    -1.965650    -1.965650    -1.253002    -1.253002    -0.000000    -0.000000     0.000000     0.000000     1.916289     1.916289     14.528342     14.528342
0.022961    -16.157708    -16.157708    -10.000000    -10.000000    -5.701099    -5.701099    -3.000000    -3.000000    -1.961205    -1.961205    -1.253133    -1.253133     0.000000     0.000000     0.000000     0.000000     1.912618     1.912618     14.459428     14.459428
0.023959    -16.086602    -16.086602    -10.000000    -10.000000    -5.760574    -5.760574    -3.000000    -3.000000    -1.956527    -1.956527    -1.253271    -1.253271    -0.000000    -0.000000     0.000000     0.000000     1.908749     1.908749     14.387651     14.387651
0.024958    -16.012687    -16.012687    -10.000000    -10.000000    -5.822101    -5.822101    -3.000000    -3.000000    -1.951611    -1.951611    -1.253416    -1.253416     0.000000     0.000000     0.000000     0.000000     1.904677     1.904677     14.313036     14.313036
0.025956    -15.935992    -15.935992    -10.000000    -10.000000    -5.885624    -5.885624    -3.000000    -3.000000    -1.946451    -1.946451    -1.253568    -1.253568    -0.000000    -0.000000     0.000000     0.000000     1.900398     1.900398     14.235613     14.235613
0.026954    -15.856544    -15.856544    -10.000000    -10.000000    -5.951083    -5.951083    -3.000000    -3.000000    -1.941043    -1.941043    -1.253726    -1.253726    -0.000000    -0.000000     0.000000     0.000000     1.895905     1.895905     14.155408     14.155408
0.027952    -15.774374    -15.774374    -10.000000    -10.000000    -6.018418    -6.018418    -3.000000    -3.000000    -1.935379    -1.935379    -1.253892    -1.253892    -0.000000    -0.000000    -0.000000    -0.000000     1.891192     1.891192     14.072452     14.072452
0.028951    -15.689512    -15.689512    -10.000000    -10.000000    -6.087566    -6.087566    -3.000000    -3.000000    -1.929454    -1.929454    -1.254064    -1.254064     0.000000     0.000000     0.000000     0.000000     1.886254     1.886254     13.986777     13.986777
0.029949    -15.601991    -15.601991    -10.000000    -10.000000    -6.158464    -6.158464    -3.000000    -3.000000    -1.923262    -1.923262    -1.254245    -1.254245    -0.000000    -0.000000     0.000000     0.000000     1.881083     1.881083     13.898414     13.898414
0.030947    -15.511843    -15.511843    -10.000000    -10.000000    -6.231047    -6.231047    -3.000000    -3.000000    -1.916794    -1.916794    -1.254432    -1.254432     0.000000     0.000000     0.000000     0.000000     1.875672     1.875672     13.807397     13.807397
0.031946    -15.419104    -15.419104    -10.000000    -10.000000    -6.305247    -6.305247    -3.000000    -3.000000    -1.910044    -1.910044    -1.254627    -1.254627    -0.000000    -0.000000     0.000000     0.000000     1.870015     1.870015     13.713761     13.713761
0.032944    -15.323809    -15.323809    -10.000000    -10.000000    -6.380997    -6.380997    -3.000000    -3.000000    -1.903005    -1.903005    -1.254829    -1.254829    -0.000000    -0.000000    -0.000000    -0.000000     1.864102     1.864102     13.617541     13.617541
0.033942    -15.225995    -15.225995    -10.000000    -10.000000    -6.458226    -6.458226    -3.000000    -3.000000    -1.895667    -1.895667    -1.255040    -1.255040    -0.000000    -0.000000     0.000000     0.000000     1.857926     1.857926     13.518776     13.518776
0.034941    -15.125701    -15.125701    -10.000000    -10.000000    -6.536865    -6.536865    -3.000000    -3.000000    -1.888023    -1.888023    -1.255257    -1.255257    -0.000000    -0.000000     0.000000     0.000000     1.851478     1.851478     13.417504     13.417504
0.035939    -15.022965    -15.022965    -10.000000    -10.000000    -6.616840    -6.616840    -3.000000    -3.000000    -1.880063    -1.880063    -1.255483    -1.255483     0.000000     0.000000     0.000000     0.000000     1.844747     1.844747     13.313765     13.313765
0.036937    -14.917829    -14.917829    -10.000000    -10.000000    -6.698080    -6.698080    -3.000000    -3.000000    -1.871779    -1.871779    -1.255717    -1.255717    -0.000000    -0.000000     0.000000     0.000000     1.837724     1.837724     13.207600     13.207600
0.037936    -14.810335    -14.810335    -10.000000    -10.000000    -6.780510    -6.780510    -3.000000    -3.000000    -1.863159    -1.863159    -1.255958    -1.255958    -0.000000    -0.000000    -0.000000    -0.000000     1.830399     1.830399     13.099053     13.099053
0.038934    -14.700526    -14.700526    -10.000000    -10.000000    -6.864054    -6.864054    -3.000000    -3.000000    -1.854194    -1.854194    -1.256207    -1.256207     0.000000     0.000000     0.000000     0.000000     1.822760     1.822760     12.988167     12.988167
0.039932    -14.588446    -14.588446    -10.000000    -10.000000    -6.948638    -6.948638    -3.000000    -3.000000    -1.844872    -1.844872    -1.256465    -1.256465    -0.000000    -0.000000     0.000000     0.000000     1.814795     1.814795     12.874989     12.874989
0.040930    -14.474143    -14.474143    -10.000000    -10.000000    -7.034184    -7.034184    -3.000000    -3.000000    -1.835183    -1.835183    -1.256729    -1.256729    -0.000000    -0.000000    -0.000000    -0.000000     1.806491     1.806491     12.759565     12.759565
0.041929    -14.357663    -14.357663    -10.000000    -10.000000    -7.120615    -7.120615    -3.000000    -3.000000    -1.825114    -1.825114    -1.257002    -1.257002    -0.000000    -0.000000     0.000000     0.000000     1.797836     1.797836     12.641944     12.641944
0.042927    -14.239055    -14.239055    -10.000000    -10.000000    -7.207853    -7.207853    -3.000000    -3.000000    -1.814653    -1.814653    -1.257281    -1.257281    -0.000000    -0.000000     0.000000     0.000000     1.788814     1.788814     12.522176     12.522176
0.043925    -14.118370    -14.118370    -10.000000    -10.000000    -7.295820    -7.295820    -3.000000    -3.000000    -1.803787    -1.803787    -1.257568    -1.257568    -0.000000    -0.000000     0.000000     0.000000     1.779411     1.779411     12.400314     12.400314
0.044924    -13.995660    -13.995660    -10.000000    -10.000000    -7.384436    -7.384436    -3.000000    -3.000000    -1.792501    -1.792501    -1.257862    -1.257862    -0.000000    -0.000000     0.000000     0.000000     1.769612     1.769612     12.276410     12.276410
0.045922    -13.870976    -13.870976    -10.000000    -10.000000    -7.473623    -7.473623    -3.000000    -3.000000    -1.780782    -1.780782    -1.258161    -1.258161     0.000000     0.000000     0.000000     0.000000     1.759398     1.759398     12.150521     12.150521
0.046920    -13.744376    -13.744376    -10.000000    -10.000000    -7.563300    -7.563300    -3.000000    -3.000000    -1.768615    -1.768615    -1.258466    -1.258466    -0.000000    -0.000000     0.000000     0.000000     1.748753     1.748753     12.022703     12.022703
0.047919    -13.615914    -13.615914    -10.000000    -10.000000    -7.653388    -7.653388    -3.000000    -3.000000    -1.755983    -1.755983    -1.258774    -1.258774    -0.000000    -0.000000    -0.000000    -0.000000     1.737657     1.737657     11.893015     11.893015
0.048917    -13.485648    -13.485648    -10.000000    -10.000000    -7.743806    -7.743806    -3.000000    -3.000000    -1.742873    -1.742873    -1.259086    -1.259086     0.000000     0.000000     0.000000     0.000000     1.726090     1.726090     11.761518     11.761518
0.049915    -13.353639    -13.353639    -10.000000    -10.000000    -7.834476    -7.834476    -3.000000    -3.000000    -1.729266    -1.729266    -1.259400    -1.259400    -0.000000    -0.000000     0.000000     0.000000     1.714030     1.714030     11.628274     11.628274
0.050913    -13.219947    -13.219947    -10.000000    -10.000000    -7.925316    -7.925316    -3.000000    -3.000000    -1.715145    -1.715145    -1.259712    -1.259712    -0.000000    -0.000000     0.000000     0.000000     1.701456     1.701456     11.493348     11.493348
0.051912    -13.084636    -13.084636    -10.000000    -10.000000    -8.016247    -8.016247    -3.000000    -3.000000    -1.700494    -1.700494    -1.260021    -1.260021    -0.000000    -0.000000     0.000000     0.000000     1.688343     1.688343     11.356808     11.356808
0.052910    -12.947770    -12.947770    -10.000000    -10.000000    -8.107189    -8.107189    -3.000000    -3.000000    -1.685295    -1.685295    -1.260323    -1.260323     0.000000     0.000000     0.000000     0.000000     1.674666     1.674666     11.218722     11.218722
0.053908    -12.809415    -12.809415    -10.000000    -10.000000    -8.198062    -8.198062    -3.000000    -3.000000    -1.669530    -1.669530    -1.260614    -1.260614     0.000000     0.000000     0.000000     0.000000     1.660397     1.660397     11.079162     11.079162
0.054907    -12.669640    -12.669640    -10.000000    -10.000000    -8.288789    -8.288789    -3.000000    -3.000000    -1.653182    -1.653182    -1.260887    -1.260887    -0.000000    -0.000000    -0.000000    -0.000000     1.645508     1.645508     10.938201     10.938201
0.055905    -12.528516    -12.528516    -10.000000    -10.000000    -8.379289    -8.379289    -3.000000    -3.000000    -1.636233    -1.636233    -1.261135    -1.261135     0.000000     0.000000     0.000000     0.000000     1.629968     1.629968     10.795916     10.795916
0.056903    -12.386114    -12.386114    -10.000000    -10.000000    -8.469486    -8.469486    -3.000000    -3.000000    -1.618669    -1.618669    -1.261348    -1.261348    -0.000000    -0.000000     0.000000     0.000000     1.613746     1.613746     10.652385     10.652385
0.057902    -12.242509    -12.242509    -10.000000    -10.000000    -8.559301    -8.559301    -3.000000    -3.000000    -1.600477    -1.600477    -1.261512    -1.261512    -0.000000    -0.000000    -0.000000    -0.000000     1.596806     1.596806     10.507691     10.507691
0.058900    -12.097777    -12.097777    -10.000000    -10.000000    -8.648659    -8.648659    -3.000000    -3.000000    -1.581645    -1.581645    -1.261608    -1.261608    -0.000000    -0.000000     0.000000     0.000000     1.579113     1.579113     10.361917     10.361917
0.059898    -11.951997    -11.951997    -10.000000    -10.000000    -8.737482    -8.737482    -3.000000    -3.000000    -1.562171    -1.562171    -1.261613    -1.261613     0.000000     0.000000     0.000000     0.000000     1.560628     1.560628     10.215152     10.215152
0.060896    -11.805248    -11.805248    -10.000000    -10.000000    -8.825696    -8.825696    -3.000000    -3.000000    -1.542057    -1.542057    -1.261490    -1.261490     0.000000     0.000000     0.000000     0.000000     1.541310     1.541310     10.067485     10.067485
0.061895    -11.657616    -11.657616    -10.000000    -10.000000    -8.913226    -8.913226    -3.000000    -3.000000    -1.521321    -1.521321    -1.261190    -1.261190     0.000000     0.000000     0.000000     0.000000     1.521116     1.521116     9.919010     9.919010
0.062893    -11.509183    -11.509183    -10.000000    -10.000000    -9.000000    -9.000000    -3.000000    -3.000000    -1.500000    -1.500000    -1.260642    -1.260642     0.000000     0.000000     0.000000     0.000000     1.500000     1.500000     9.769825     9.769825
0.063891    -11.360039    -11.360039    -10.000000    -10.000000    -9.085945    -9.085945    -3.000000    -3.000000    -1.478166    -1.478166    -1.259739    -1.259739    -0.000000    -0.000000    -0.000000    -0.000000     1.477914     1.477914     9.620030     9.620030
0.064890    -11.210273    -11.210273    -10.000000    -10.000000    -9.170990    -9.170990    -3.000000    -3.000000    -1.455942    -1.455942    -1.258321    -1.258321    -0.000000    -0.000000     0.000000     0.000000     1.454806     1.454806     9.469730     9.469730
0.065888    -11.059977    -11.059977    -10.000000    -10.000000    -9.255066    -9.255066    -3.000000    -3.000000    -1.433539    -1.433539    -1.256138    -1.256138    -0.000000    -0.000000     0.000000     0.000000     1.430622     1.430622     9.319031     9.319031
0.066886    -10.909248    -10.909248    -10.000000    -10.000000    -9.338104    -9.338104    -3.000000    -3.000000    -1.411308    -1.411308    -1.252797    -1.252797     0.000000     0.000000     0.000000     0.000000     1.405305     1.405305     9.168048     9.168048
0.067885    -10.758181    -10.758181    -10.000000    -10.000000    -9.420036    -9.420036    -3.000000    -3.000000    -1.389817    -1.389817    -1.247692    -1.247692    -0.000000     0.000000     0.000000     0.000000     1.378796     1.378796     9.016895     9.016895
0.068883    -10.606878    -10.606878    -10.000000    -10.000000    -9.500797    -9.500797    -3.000000    -3.000000    -1.369913    -1.369913    -1.239931    -1.239931     0.000000     0.000000     0.000000     0.000000     1.351030     1.351030     8.865693     8.865693
0.069881    -10.455442    -10.455442    -10.000000    -10.000000    -9.580324    -9.580324    -3.000000    -3.000000    -1.352655    -1.352655    -1.228410    -1.228410    -0.000000    -0.000000     0.000000     0.000000     1.321942     1.321942     8.714566     8.714566
0.070880    -10.303978    -10.303978    -10.000000    -10.000000    -9.658552    -9.658552    -3.000000    -3.000000    -1.338954    -1.338954    -1.212172    -1.212172    -0.000000    -0.000000     0.000000     0.000000     1.291462     1.291462     8.563643     8.563643
0.071878    -10.152594    -10.152594    -10.000000    -10.000000    -9.735422    -9.735422    -3.000000    -3.000000    -1.329060    -1.329060    -1.190921    -1.190921    -0.000000    -0.000000    -0.000000    -0.000000     1.259518     1.259518     8.413057     8.413057
0.072876    -10.001402    -10.001402    -10.000000    -10.000000    -9.810873    -9.810873    -3.000000    -3.000000    -1.322479    -1.322479    -1.165099    -1.165099     0.000000     0.000000     0.000000     0.000000     1.226035     1.226035     8.262946     8.262946
0.073874    -10.000000    -10.000000    -9.884848    -9.884848    -9.850514    -9.850514    -3.000000    -3.000000    -1.318412    -1.318412    -1.135459    -1.135459    -0.000000    -0.000000     0.000000     0.000000     1.190934     1.190934     8.113451     8.113451
0.074873    -10.000000    -10.000000    -9.957292    -9.957292    -9.700046    -9.700046    -3.000000    -3.000000    -1.316136    -1.316136    -1.102671    -1.102671     0.000000     0.000000     0.000000     0.000000     1.154136     1.154136     7.964718     7.964718
0.075871    -10.028149    -10.028149    -10.000000    -10.000000    -9.550118    -9.550118    -3.000000    -3.000000    -1.315136    -1.315136    -1.067202    -1.067202     0.000000     0.000000     0.000000     0.000000     1.115558     1.115558     7.816898     7.816898
0.076869    -10.097369    -10.097369    -10.000000    -10.000000    -9.400849    -9.400849    -3.000000    -3.000000    -1.315071    -1.315071    -1.029339    -1.029339    -0.000000    -0.000000     0.000000     0.000000     1.075116     1.075116     7.670143     7.670143
0.077868    -10.164901    -10.164901    -10.000000    -10.000000    -9.252363    -9.252363    -3.000000    -3.000000    -1.315729    -1.315729    -0.989246    -0.989246    -0.000000    -0.000000     0.000000     0.000000     1.032726     1.032726     7.524612     7.524612
0.078866    -10.230696    -10.230696    -10.000000    -10.000000    -9.104784    -9.104784    -3.000000    -3.000000    -1.316975    -1.316975    -0.947007    -0.947007    -0.000000    -0.000000    -0.000000    -0.000000     0.988303     0.988303     7.380464     7.380464
0.079864    -10.294709    -10.294709    -10.000000    -10.000000    -8.958240    -8.958240    -3.000000    -3.000000    -1.318730    -1.318730    -0.902654    -0.902654    -0.000000     0.000000     0.000000     0.000000     0.941763     0.941763     7.237861     7.237861
0.080863    -10.356896    -10.356896    -10.000000    -10.000000    -8.812858    -8.812858    -3.000000    -3.000000    -1.320949    -1.320949    -0.856186    -0.856186    -0.000000    -0.000000     0.000000     0.000000     0.893025     0.893025     7.096968     7.096968
0.081861    -10.417214    -10.417214    -10.000000    -10.000000    -8.668768    -8.668768    -3.000000    -3.000000    -1.323612    -1.323612    -0.807581    -0.807581    -0.000000    -0.000000     0.000000     0.000000     0.842011     0.842011     6.957950     6.957950
0.082859    -10.475624    -10.475624    -10.000000    -10.000000    -8.526100    -8.526100    -3.000000    -3.000000    -1.326717    -1.326717    -0.756802    -0.756802     0.000000     0.000000     0.000000     0.000000     0.788649     0.788649     6.820971     6.820971
0.083857    -10.532089    -10.532089    -10.000000    -10.000000    -8.384985    -8.384985    -3.000000    -3.000000    -1.330280    -1.330280    -0.703805    -0.703805    -0.000000    -0.000000     0.000000     0.000000     0.732874     0.732874     6.686195     6.686195
0.084856    -10.586573    -10.586573    -10.000000    -10.000000    -8.245552    -8.245552    -3.000000    -3.000000    -1.334327    -1.334327    -0.648537    -0.648537    -0.000000    -0.000000    -0.000000    -0.000000     0.674632     0.674632     6.553784     6.553784
0.085854    -10.639042    -10.639042    -10.000000    -10.000000    -8.107932    -8.107932    -3.000000    -3.000000    -1.338900    -1.338900    -0.590944    -0.590944    -0.000000    -0.000000     0.000000     0.000000     0.613882     0.613882     6.423895     6.423895
0.086852    -10.689467    -10.689467    -10.000000    -10.000000    -7.972253    -7.972253    -3.000000    -3.000000    -1.344054    -1.344054    -0.530969    -0.530969    -0.000000    -0.000000     0.000000     0.000000     0.550598     0.550598     6.296679     6.296679
0.087851    -10.737819    -10.737819    -10.000000    -10.000000    -7.838641    -7.838641    -3.000000    -3.000000    -1.349860    -1.349860    -0.468557    -0.468557    -0.000000    -0.000000     0.000000     0.000000     0.484775     0.484775     6.172283     6.172283
0.088849    -10.784072    -10.784072    -10.000000    -10.000000    -7.707221    -7.707221    -3.000000    -3.000000    -1.356405    -1.356405    -0.403651    -0.403651     0.000000     0.000000     0.000000     0.000000     0.416435     0.416435     6.050843     6.050843
0.089847    -10.828201    -10.828201    -10.000000    -10.000000    -7.578114    -7.578114    -3.000000    -3.000000    -1.363800    -1.363800    -0.336201    -0.336201    -0.000000    -0.000000     0.000000     0.000000     0.345629     0.345629     5.932486     5.932486
0.090846    -10.870187    -10.870187    -10.000000    -10.000000    -7.451436    -7.451436    -3.000000    -3.000000    -1.372179    -1.372179    -0.266156    -0.266156    -0.000000    -0.000000     0.000000     0.000000     0.272444     0.272444     5.817327     5.817327
0.091844    -10.910010    -10.910010    -10.000000    -10.000000    -7.327300    -7.327300    -3.000000    -3.000000    -1.381709    -1.381709    -0.193475    -0.193475    -0.000000    -0.000000    -0.000000    -0.000000     0.197013     0.197013     5.705471     5.705471
0.092842    -10.947652    -10.947652    -10.000000    -10.000000    -7.205813    -7.205813    -3.000000    -3.000000    -1.392598    -1.392598    -0.118118    -0.118118    -0.000000    -0.000000     0.000000     0.000000     0.119524     0.119524     5.597005     5.597005
0.093840    -10.983102    -10.983102    -10.000000    -10.000000    -7.087076    -7.087076    -3.000000    -3.000000    -1.405099    -1.405099    -0.040054    -0.040054     0.000000     0.000000     0.000000     0.000000     0.040227     0.040227     5.492003     5.492003
0.094839    -11.016346    -11.016346    -10.000000    -10.000000    -6.971185    -6.971185    -3.000000    -3.000000    -1.419529    -1.419529    -0.040549    -0.040549     0.000000     0.000000     0.000000     0.000000     0.040739     0.040739     5.390522     5.390522
0.095837    -11.047375    -11.047375    -10.000000    -10.000000    -6.858225    -6.858225    -3.000000    -3.000000    -1.436276    -1.436276    -0.122382    -0.122382     0.000000     0.000000     0.000000     0.000000     0.124279     0.124279     5.292605     5.292605
0.096835    -11.076184    -11.076184    -10.000000    -10.000000    -6.748279    -6.748279    -3.000000    -3.000000    -1.455820    -1.455820    -0.204746    -0.204746    -0.000000    -0.000000     0.000000     0.000000     0.210570     0.210570     5.198275     5.198275
0.097834    -11.102766    -11.102766    -10.000000    -10.000000    -6.641417    -6.641417    -3.000000    -3.000000    -1.478742    -1.478742    -0.286991    -0.286991    -0.000000    -0.000000     0.000000     0.000000     0.299609     0.299609     5.107542     5.107542
0.098832    -11.127122    -11.127122    -10.000000    -10.000000    -6.537706    -6.537706    -3.000000    -3.000000    -1.505738    -1.505738    -0.368334    -0.368334    -0.000000    -0.000000     0.000000     0.000000     0.391383     0.391383     5.020397     5.020397
0.099830    -11.149251    -11.149251    -10.000000    -10.000000    -6.437203    -6.437203    -3.000000    -3.000000    -1.537615    -1.537615    -0.447866    -0.447866    -0.000000    -0.000000     0.000000     0.000000     0.485867     0.485867     4.936817     4.936817
0.100829    -11.169155    -11.169155    -10.000000    -10.000000    -6.339957    -6.339957    -3.000000    -3.000000    -1.575266    -1.575266    -0.524570    -0.524570    -0.000000    -0.000000     0.000000     0.000000     0.583025     0.583025     4.856767     4.856767
0.101827    -11.186842    -11.186842    -10.000000    -10.000000    -6.246011    -6.246011    -3.000000    -3.000000    -1.619618    -1.619618    -0.597381    -0.597381    -0.000000    -0.000000    -0.000000    -0.000000     0.682812     0.682812     4.780197     4.780197
0.102825    -11.202318    -11.202318    -10.000000    -10.000000    -6.155401    -6.155401    -3.000000    -3.000000    -1.671533    -1.671533    -0.665281    -0.665281    -0.000000    -0.000000    -0.000000    -0.000000     0.785169     0.785169     4.707047     4.707047
0.103824    -11.215594    -11.215594    -10.000000    -10.000000    -6.068160    -6.068160    -3.000000    -3.000000    -1.731692    -1.731692    -0.727421    -0.727421    -0.000000    -0.000000     0.000000     0.000000     0.890026     0.890026     4.637246     4.637246
0.104822    -11.226682    -11.226682    -10.000000    -10.000000    -5.984315    -5.984315    -3.000000    -3.000000    -1.800469    -1.800469    -0.783238    -0.783238    -0.000000     0.000000     0.000000     0.000000     0.997304     0.997304     4.570718     4.570718
0.105820    -11.235597    -11.235597    -10.000000    -10.000000    -5.903892    -5.903892    -3.000000    -3.000000    -1.877865    -1.877865    -0.832534    -0.832534    -0.000000    -0.000000     0.000000     0.000000     1.106910     1.106910     4.507381     4.507381
0.106818    -11.242356    -11.242356    -10.000000    -10.000000    -5.826917    -5.826917    -3.000000    -3.000000    -1.963507    -1.963507    -0.875465    -0.875465    -0.000000    -0.000000     0.000000     0.000000     1.218741     1.218741     4.447148     4.447148
0.107817    -11.246980    -11.246980    -10.000000    -10.000000    -5.753418    -5.753418    -3.000000    -3.000000    -2.056719    -2.056719    -0.912477    -0.912477    -0.000000     0.000000     0.000000     0.000000     1.332681     1.332681     4.389934     4.389934
0.108815    -11.249489    -11.249489    -10.000000    -10.000000    -5.683431    -5.683431    -3.000000    -3.000000    -2.156635    -2.156635    -0.944191    -0.944191    -0.000000    -0.000000    -0.000000    -0.000000     1.448605     1.448605     4.335652     4.335652
0.109813    -11.249908    -11.249908    -10.000000    -10.000000    -5.617001    -5.617001    -3.000000    -3.000000    -2.262297    -2.262297    -0.971298    -0.971298    -0.000000    -0.000000     0.000000     0.000000     1.566374     1.566374     4.284222     4.284222
0.110812    -11.248263    -11.248263    -10.000000    -10.000000    -5.554186    -5.554186    -3.000000    -3.000000    -2.372742    -2.372742    -0.994477    -0.994477    -0.000000     0.000000     0.000000     0.000000     1.685836     1.685836     4.235569     4.235569
0.111810    -11.244582    -11.244582    -10.000000    -10.000000    -5.495069    -5.495069    -3.000000    -3.000000    -2.487034    -2.487034    -1.014350    -1.014350    -0.000000     0.000000     0.000000     0.000000     1.806822     1.806822     4.189630     4.189630
0.112808    -11.238896    -11.238896    -10.000000    -10.000000    -5.439759    -5.439759    -3.000000    -3.000000    -2.604290    -2.604290    -1.031456    -1.031456    -0.000000     0.000000     0.000000     0.000000     1.929150     1.929150     4.146356     4.146356
0.113807    -11.231238    -11.231238    -10.000000    -10.000000    -5.388407    -5.388407    -3.000000    -3.000000    -2.723667    -2.723667    -1.046256    -1.046256    -0.000000    -0.000000    -0.000000    -0.000000     2.052611     2.052611     4.105719     4.105719
0.114805    -11.221642    -11.221642    -10.000000    -10.000000    -5.341212    -5.341212    -3.000000    -3.000000    -2.844349    -2.844349    -1.059129    -1.059129    -0.000000    -0.000000    -0.000000    -0.000000     2.176968     2.176968     4.067722     4.067722
0.115803    -11.210145    -11.210145    -10.000000    -10.000000    -5.298444    -5.298444    -3.000000    -3.000000    -2.965520    -2.965520    -1.070389    -1.070389     0.000000     0.000000     0.000000     0.000000     2.301946     2.301946     4.032407     4.032407
0.116801    -11.196786    -11.196786    -10.000000    -10.000000    -5.260457    -5.260457    -3.086337    -3.086337    -3.000000    -3.000000    -1.080293    -1.080293    -0.000000    -0.000000     0.000000     0.000000     2.427210     2.427210     3.999877     3.999877
0.117800    -11.181604    -11.181604    -10.000000    -10.000000    -5.227720    -5.227720    -3.205895    -3.205895    -3.000000    -3.000000    -1.089052    -1.089052     0.000000     0.000000     0.000000     0.000000     2.552343     2.552343     3.970323     3.970323
0.118798    -11.164643    -11.164643    -10.000000    -10.000000    -5.200839    -5.200839    -3.323189    -3.323189    -3.000000    -3.000000    -1.096838    -1.096838    -0.000000    -0.000000     0.000000     0.000000     2.676797     2.676797     3.944069     3.944069
0.119796    -11.145946    -11.145946    -10.000000    -10.000000    -5.180591    -5.180591    -3.437081    -3.437081    -3.000000    -3.000000    -1.103794    -1.103794    -0.000000    -0.000000     0.000000     0.000000     2.799818     2.799818     3.921649     3.921649
0.120795    -11.125559    -11.125559    -10.000000    -10.000000    -5.167947    -5.167947    -3.546272    -3.546272    -3.000000    -3.000000    -1.110037    -1.110037     0.000000     0.000000     0.000000     0.000000     2.920324     2.920324     3.903932     3.903932
0.121793    -11.103530    -11.103530    -10.000000    -10.000000    -5.164069    -5.164069    -3.649292    -3.649292    -3.000000    -3.000000    -1.115664    -1.115664    -0.000000    -0.000000    -0.000000    -0.000000     3.036698     3.036698     3.892327     3.892327
0.122791    -11.079909    -11.079909    -10.000000    -10.000000    -5.170275    -5.170275    -3.744539    -3.744539    -3.000000    -3.000000    -1.120757    -1.120757    -0.000000    -0.000000    -0.000000    -0.000000     3.146475     3.146475     3.889096     3.889096
0.123790    -11.054745    -11.054745    -10.000000    -10.000000    -5.187921    -5.187921    -3.830394    -3.830394    -3.000000    -3.000000    -1.125384    -1.125384    -0.000000    -0.000000     0.000000     0.000000     3.245999     3.245999     3.897699     3.897699
0.124788    -11.028090    -11.028090    -10.000000    -10.000000    -5.218195    -5.218195    -3.905420    -3.905420    -3.000000    -3.000000    -1.129602    -1.129602    -0.000000    -0.000000     0.000000     0.000000     3.330467     3.330467     3.922749     3.922749
0.125786    -11.000000    -11.000000    -10.000000    -10.000000    -5.261854    -5.261854    -3.968627    -3.968627    -3.000000    -3.000000    -1.133460    -1.133460    -0.000000    -0.000000     0.000000     0.000000     3.395314     3.395314     3.968627     3.968627
0.126769    -10.970999    -10.970999    -10.000000    -10.000000    -5.241979    -5.241979    -3.936428    -3.936428    -3.000000    -3.000000    -1.131611    -1.131611    -0.000000    -0.000000    -0.000000    -0.000000     3.362432     3.362432     3.947586     3.947586
0.127752    -10.940713    -10.940713    -10.000000    -10.000000    -5.231654    -5.231654    -3.896422    -3.896422    -3.000000    -3.000000    -1.129695    -1.129695     0.000000     0.000000     0.000000     0.000000     3.318070     3.318070     3.939702     3.939702
0.128734    -10.909197    -10.909197    -10.000000    -10.000000    -5.230121    -5.230121    -3.849352    -3.849352    -3.000000    -3.000000    -1.127708    -1.127708    -0.000000    -0.000000     0.000000     0.000000     3.264479     3.264479     3.942702     3.942702
0.129717    -10.876507    -10.876507    -10.000000    -10.000000    -5.236428    -5.236428    -3.796157    -3.796157    -3.000000    -3.000000    -1.125643    -1.125643    -0.000000    -0.000000    -0.000000    -0.000000     3.204177     3.204177     3.954052     3.954052
0.130700    -10.842700    -10.842700    -10.000000    -10.000000    -5.249552    -5.249552    -3.737846    -3.737846    -3.000000    -3.000000    -1.123493    -1.123493     0.000000     0.000000     0.000000     0.000000     3.139325     3.139325     3.971565     3.971565
0.131682    -10.807834    -10.807834    -10.000000    -10.000000    -5.268489    -5.268489    -3.675400    -3.675400    -3.000000    -3.000000    -1.121252    -1.121252    -0.000000    -0.000000     0.000000     0.000000     3.071557     3.071557     3.993584     3.993584
0.132665    -10.771968    -10.771968    -10.000000    -10.000000    -5.292322    -5.292322    -3.609718    -3.609718    -3.000000    -3.000000    -1.118912    -1.118912    -0.000000    -0.000000     0.000000     0.000000     3.002035     3.002035     4.018916     4.018916
0.133648    -10.735161    -10.735161    -10.000000    -10.000000    -5.320241    -5.320241    -3.541586    -3.541586    -3.000000    -3.000000    -1.116464    -1.116464    -0.000000    -0.000000    -0.000000    -0.000000     2.931569     2.931569     4.046722     4.046722
0.134631    -10.697474    -10.697474    -10.000000    -10.000000    -5.351552    -5.351552    -3.471673    -3.471673    -3.000000    -3.000000    -1.113899    -1.113899     0.000000     0.000000     0.000000     0.000000     2.860719     2.860719     4.076405     4.076405
0.135613    -10.658967    -10.658967    -10.000000    -10.000000    -5.385672    -5.385672    -3.400538    -3.400538    -3.000000    -3.000000    -1.111207    -1.111207    -0.000000    -0.000000     0.000000     0.000000     2.789881     2.789881     4.107536     4.107536
0.136596    -10.619703    -10.619703    -10.000000    -10.000000    -5.422110    -5.422110    -3.328642    -3.328642    -3.000000    -3.000000    -1.108377    -1.108377    -0.000000    -0.000000     0.000000     0.000000     2.719331     2.719331     4.139799     4.139799
0.137579    -10.579744    -10.579744    -10.000000    -10.000000    -5.460456    -5.460456    -3.256369    -3.256369    -3.000000    -3.000000    -1.105395    -1.105395     0.000000     0.000000     0.000000     0.000000     2.649267     2.649267     4.172953     4.172953
0.138561    -10.539152    -10.539152    -10.000000    -10.000000    -5.500366    -5.500366    -3.184031    -3.184031    -3.000000    -3.000000    -1.102249    -1.102249    -0.000000    -0.000000     0.000000     0.000000     2.579831     2.579831     4.206815     4.206815
0.139544    -10.497991    -10.497991    -10.000000    -10.000000    -5.541550    -5.541550    -3.111888    -3.111888    -3.000000    -3.000000    -1.098922    -1.098922    -0.000000    -0.000000     0.000000     0.000000     2.511125     2.511125     4.241235     4.241235
0.140527    -10.456323    -10.456323    -10.000000    -10.000000    -5.583763    -5.583763    -3.040155    -3.040155    -3.000000    -3.000000    -1.095398    -1.095398    -0.000000    -0.000000     0.000000     0.000000     2.443222     2.443222     4.276094     4.276094
0.141509    -10.414214    -10.414214    -10.000000    -10.000000    -5.626793    -5.626793    -3.000000    -3.000000    -2.969013    -2.969013    -1.091658    -1.091658     0.000000     0.000000     0.000000     0.000000     2.376174     2.376174     4.311289     4.311289
0.142492    -10.371725    -10.371725    -10.000000    -10.000000    -5.670458    -5.670458    -3.000000    -3.000000    -2.898613    -2.898613    -1.087681    -1.087681    -0.000000    -0.000000    -0.000000    -0.000000     2.310017     2.310017     4.346734     4.346734
0.143475    -10.328922    -10.328922    -10.000000    -10.000000    -5.714599    -5.714599    -3.000000    -3.000000    -2.829084    -2.829084    -1.083443    -1.083443    -0.000000    -0.000000    -0.000000    -0.000000     2.244774     2.244774     4.382353     4.382353
0.144458    -10.285868    -10.285868    -10.000000    -10.000000    -5.759075    -5.759075    -3.000000    -3.000000    -2.760540    -2.760540    -1.078920    -1.078920    -0.000000    -0.000000     0.000000     0.000000     2.180460     2.180460     4.418075     4.418075
0.145440    -10.242627    -10.242627    -10.000000    -10.000000    -5.803761    -5.803761    -3.000000    -3.000000    -2.693076    -2.693076    -1.074083    -1.074083    -0.000000    -0.000000     0.000000     0.000000     2.117081     2.117081     4.453839     4.453839
0.146423    -10.199263    -10.199263    -10.000000    -10.000000    -5.848545    -5.848545    -3.000000    -3.000000    -2.626780    -2.626780    -1.068899    -1.068899    -0.000000    -0.000000     0.000000     0.000000     2.054637     2.054637     4.489586     4.489586
0.147406    -10.155840    -10.155840    -10.000000    -10.000000    -5.893324    -5.893324    -3.000000    -3.000000    -2.561732    -2.561732    -1.063333    -1.063333    -0.000000    -0.000000     0.000000     0.000000     1.993125     1.993125     4.525263     4.525263
0.148388    -10.112421    -10.112421    -10.000000    -10.000000    -5.938005    -5.938005    -3.000000    -3.000000    -2.498004    -2.498004    -1.057345    -1.057345    -0.000000    -0.000000     0.000000     0.000000     1.932537     1.932537     4.560817     4.560817
0.149371    -10.069069    -10.069069    -10.000000    -10.000000    -5.982503    -5.982503    -3.000000    -3.000000    -2.435666    -2.435666    -1.050893    -1.050893     0.000000     0.000000     0.000000     0.000000     1.872863     1.872863     4.596199     4.596199
0.150354    -10.025846    -10.025846    -10.000000    -10.000000    -6.026737    -6.026737    -3.000000    -3.000000    -2.374784    -2.374784    -1.043928    -1.043928    -0.000000    -0.000000     0.000000     0.000000     1.814088     1.814088     4.631361     4.631361
0.151336    -10.000000    -10.000000    -9.982814    -9.982814    -6.070633    -6.070633    -3.000000    -3.000000    -2.315425    -2.315425    -1.036398    -1.036398    -0.000000    -0.000000     0.000000     0.000000     1.756197     1.756197     4.666258     4.666258
0.152319    -10.000000    -10.000000    -9.940036    -9.940036    -6.114122    -6.114122    -3.000000    -3.000000    -2.257654    -2.257654    -1.028242    -1.028242    -0.000000    -0.000000    -0.000000    -0.000000     1.699174     1.699174     4.700845     4.700845
0.153302    -10.000000    -10.000000    -9.897572    -9.897572    -6.157138    -6.157138    -3.000000    -3.000000    -2.201538    -2.201538    -1.019399    -1.019399     0.000000     0.000000     0.000000     0.000000     1.642999     1.642999     4.735077     4.735077
0.154285    -10.000000    -10.000000    -9.855483    -9.855483    -6.199619    -6.199619    -3.000000    -3.000000    -2.147146    -2.147146    -1.009800    -1.009800     0.000000     0.000000     0.000000     0.000000     1.587652     1.587652     4.768913     4.768913
0.155267    -10.000000    -10.000000    -9.813827    -9.813827    -6.241506    -6.241506    -3.000000    -3.000000    -2.094548    -2.094548    -0.999370    -0.999370    -0.000000    -0.000000     0.000000     0.000000     1.533114     1.533114     4.802310     4.802310
0.156250    -10.000000    -10.000000    -9.772664    -9.772664    -6.282744    -6.282744    -3.000000    -3.000000    -2.043815    -2.043815    -0.988032    -0.988032    -0.000000    -0.000000     0.000000     0.000000     1.479362     1.479362     4.835229     4.835229
0.157233    -10.000000    -10.000000    -9.732051    -9.732051    -6.323278    -6.323278    -3.000000    -3.000000    -1.995020    -1.995020    -0.975704    -0.975704    -0.000000    -0.000000    -0.000000    -0.000000     1.426374     1.426374     4.867628     4.867628
0.158215    -10.000000    -10.000000    -9.692045    -9.692045    -6.363058    -6.363058    -3.000000    -3.000000    -1.948234    -1.948234    -0.962303    -0.962303     0.000000     0.000000     0.000000     0.000000     1.374127     1.374127     4.899468     4.899468
0.159198    -10.000000    -10.000000    -9.652702    -9.652702    -6.402036    -6.402036    -3.000000    -3.000000    -1.903529    -1.903529    -0.947746    -0.947746    -0.000000    -0.000000    -0.000000    -0.000000     1.322599     1.322599     4.930712     4.930712
0.160181    -10.000000    -10.000000    -9.614077    -9.614077    -6.440166    -6.440166    -3.000000    -3.000000    -1.860969    -1.860969    -0.931953    -0.931953    -0.000000    -0.000000    -0.000000    -0.000000     1.271766     1.271766     4.961322     4.961322
0.161164    -10.000000    -10.000000    -9.576223    -9.576223    -6.477401    -6.477401    -3.000000    -3.000000    -1.820614    -1.820614    -0.914850    -0.914850    -0.000000    -0.000000     0.000000     0.000000     1.221604     1.221604     4.991261     4.991261
0.162146    -10.000000    -10.000000    -9.539192    -9.539192    -6.513701    -6.513701    -3.000000    -3.000000    -1.782511    -1.782511    -0.896371    -0.896371     0.000000     0.000000     0.000000     0.000000     1.172090     1.172090     5.020493     5.020493
0.163129    -10.000000    -10.000000    -9.503036    -9.503036    -6.549024    -6.549024    -3.000000    -3.000000    -1.746694    -1.746694    -0.876466    -0.876466     0.000000     0.000000     0.000000     0.000000     1.123201     1.123201     5.048983     5.048983
0.164112    -10.000000    -10.000000    -9.467804    -9.467804    -6.583331    -6.583331    -3.000000    -3.000000    -1.713181    -1.713181    -0.855098    -0.855098    -0.000000    -0.000000     0.000000     0.000000     1.074911     1.074911     5.076698     5.076698
0.165094    -10.000000    -10.000000    -9.433546    -9.433546    -6.616584    -6.616584    -3.000000    -3.000000    -1.681968    -1.681968    -0.832250    -0.832250    -0.000000    -0.000000     0.000000     0.000000     1.027199     1.027199     5.103604     5.103604
0.166077    -10.000000    -10.000000    -9.400306    -9.400306    -6.648750    -6.648750    -3.000000    -3.000000    -1.653032    -1.653032    -0.807927    -0.807927    -0.000000    -0.000000     0.000000     0.000000     0.980040     0.980040     5.129669     5.129669
0.167060    -10.000000    -10.000000    -9.368132    -9.368132    -6.679792    -6.679792    -3.000000    -3.000000    -1.626329    -1.626329    -0.782154    -0.782154    -0.000000    -0.000000     0.000000     0.000000     0.933411     0.933411     5.154863     5.154863
0.168042    -10.000000    -10.000000    -9.337067    -9.337067    -6.709679    -6.709679    -3.000000    -3.000000    -1.601791    -1.601791    -0.754975    -0.754975     0.000000     0.000000     0.000000     0.000000     0.887290     0.887290     5.179155     5.179155
0.169025    -10.000000    -10.000000    -9.307154    -9.307154    -6.738379    -6.738379    -3.000000    -3.000000    -1.579336    -1.579336    -0.726453    -0.726453     0.000000     0.000000     0.000000     0.000000     0.841652     0.841652     5.202516     5.202516
0.170008    -10.000000    -10.000000    -9.278432    -9.278432    -6.765864    -6.765864    -3.000000    -3.000000    -1.558864    -1.558864    -0.696667    -0.696667     0.000000     0.000000     0.000000     0.000000     0.796476     0.796476     5.224920     5.224920
0.170991    -10.000000    -10.000000    -9.250941    -9.250941    -6.792105    -6.792105    -3.000000    -3.000000    -1.540268    -1.540268    -0.665705    -0.665705     0.000000     0.000000     0.000000     0.000000     0.751740     0.751740     5.246338     5.246338
0.171973    -10.000000    -10.000000    -9.224719    -9.224719    -6.817077    -6.817077    -3.000000    -3.000000    -1.523430    -1.523430    -0.633662    -0.633662    -0.000000    -0.000000    -0.000000    -0.000000     0.707421     0.707421     5.266747     5.266747
0.172956    -10.000000    -10.000000    -9.199801    -9.199801    -6.840754    -6.840754    -3.000000    -3.000000    -1.508231    -1.508231    -0.600636    -0.600636    -0.000000    -0.000000     0.000000     0.000000     0.663499     0.663499     5.286122     5.286122
0.173939    -10.000000    -10.000000    -9.176220    -9.176220    -6.863112    -6.863112    -3.000000    -3.000000    -1.494554    -1.494554    -0.566726    -0.566726     0.000000     0.000000     0.000000     0.000000     0.619953     0.619953     5.304439     5.304439
0.174921    -10.000000    -10.000000    -9.154008    -9.154008    -6.884130    -6.884130    -3.000000    -3.000000    -1.482284    -1.482284    -0.532026    -0.532026    -0.000000    -0.000000     0.000000     0.000000     0.576763     0.576763     5.321677     5.321677
0.175904    -10.000000    -10.000000    -9.133196    -9.133196    -6.903788    -6.903788    -3.000000    -3.000000    -1.471312    -1.471312    -0.496626    -0.496626    -0.000000    -0.000000     0.000000     0.000000     0.533908     0.533908     5.337817     5.337817
0.176887    -10.000000    -10.000000    -9.113811    -9.113811    -6.922065    -6.922065    -3.000000    -3.000000    -1.461535    -1.461535    -0.460608    -0.460608    -0.000000    -0.000000     0.000000     0.000000     0.491370     0.491370     5.352838     5.352838
0.177869    -10.000000    -10.000000    -9.095880    -9.095880    -6.938945    -6.938945    -3.000000    -3.000000    -1.452861    -1.452861    -0.424048    -0.424048    -0.000000    -0.000000     0.000000     0.000000     0.449131     0.449131     5.366724     5.366724
0.178852    -10.000000    -10.000000    -9.079426    -9.079426    -6.954412    -6.954412    -3.000000    -3.000000    -1.445206    -1.445206    -0.387013    -0.387013    -0.000000    -0.000000     0.000000     0.000000     0.407173     0.407173     5.379457     5.379457
0.179835    -10.000000    -10.000000    -9.064472    -9.064472    -6.968450    -6.968450    -3.000000    -3.000000    -1.438492    -1.438492    -0.349562    -0.349562     0.000000     0.000000     0.000000     0.000000     0.365480     0.365480     5.391024     5.391024
0.180818    -10.000000    -10.000000    -9.051038    -9.051038    -6.981046    -6.981046    -3.000000    -3.000000    -1.432654    -1.432654    -0.311746    -0.311746    -0.000000    -0.000000    -0.000000    -0.000000     0.324036     0.324036     5.401409     5.401409
0.181800    -10.000000    -10.000000    -9.039142    -9.039142    -6.992188    -6.992188    -3.000000    -3.000000    -1.427632    -1.427632    -0.273608    -0.273608    -0.000000    -0.000000     0.000000     0.000000     0.282826     0.282826     5.410602     5.410602
0.182783    -10.000000    -10.000000    -9.028799    -9.028799    -7.001866    -7.001866    -3.000000    -3.000000    -1.423377    -1.423377    -0.235186    -0.235186     0.000000     0.000000     0.000000     0.000000     0.241838     0.241838     5.418590     5.418590
0.183766    -10.000000    -10.000000    -9.020024    -9.020024    -7.010070    -7.010070    -3.000000    -3.000000    -1.419845    -1.419845    -0.196510    -0.196510    -0.000000    -0.000000     0.000000     0.000000     0.201059     0.201059     5.425366     5.425366
0.184748    -10.000000    -10.000000    -9.012828    -9.012828    -7.016793    -7.016793    -3.000000    -3.000000    -1.417002    -1.417002    -0.157604    -0.157604    -0.000000    -0.000000    -0.000000    -0.000000     0.160479     0.160479     5.430921     5.430921
0.185731    -10.000000    -10.000000    -9.007221    -9.007221    -7.022029    -7.022029    -3.000000    -3.000000    -1.414820    -1.414820    -0.118487    -0.118487    -0.000000    -0.000000     0.000000     0.000000     0.120089     0.120089     5.435248     5.435248
0.186714    -10.000000    -10.000000    -9.003211    -9.003211    -7.025772    -7.025772    -3.000000    -3.000000    -1.413276    -1.413276    -0.079175    -0.079175    -0.000000    -0.000000    -0.000000    -0.000000     0.079882     0.079882     5.438342     5.438342
0.187697    -10.000000    -10.000000    -9.000803    -9.000803    -7.028020    -7.028020    -3.000000    -3.000000    -1.412356    -1.412356    -0.039677    -0.039677    -0.000000    -0.000000     0.000000     0.000000     0.039853     0.039853     5.440200     5.440200
0.188679    -10.000000    -10.000000    -9.000000    -9.000000    -7.028769    -7.028769    -3.000000    -3.000000    -1.412050    -1.412050    -0.000000    -0.000000    -0.000000    -0.000000    -0.000000    -0.000000     0.000000     0.000000     5.440820     5.440820
0.189670    -10.000000    -10.000000    -8.999184    -8.999184    -7.032172    -7.032172    -3.000000    -3.000000    -1.412274    -1.412274    -0.069097    -0.069097     0.000000     0.000000     0.000000     0.000000     0.069632     0.069632     5.443911     5.443911
0.190660    -10.000000    -10.000000    -8.996738    -8.996738    -7.042371    -7.042371    -3.000000    -3.000000    -1.412947    -1.412947    -0.137399    -0.137399    -0.000000    -0.000000    -0.000000    -0.000000     0.139535     0.139535     5.453182     5.453182
0.191650    -10.000000    -10.000000    -8.992663    -8.992663    -7.059335    -7.059335    -3.000000    -3.000000    -1.414077    -1.414077    -0.204651    -0.204651    -0.000000    -0.000000     0.000000     0.000000     0.209444     0.209444     5.468619     5.468619
0.192640    -10.000000    -10.000000    -8.986963    -8.986963    -7.083011    -7.083011    -3.000000    -3.000000    -1.415676    -1.415676    -0.270610    -0.270610    -0.000000    -0.000000    -0.000000    -0.000000     0.279096     0.279096     5.490201     5.490201
0.193631    -10.000000    -10.000000    -8.979643    -8.979643    -7.113328    -7.113328    -3.000000    -3.000000    -1.417762    -1.417762    -0.335042    -0.335042    -0.000000    -0.000000     0.000000     0.000000     0.348236     0.348236     5.517895     5.517895
0.194621    -10.000000    -10.000000    -8.970708    -8.970708    -7.150195    -7.150195    -3.000000    -3.000000    -1.420356    -1.420356    -0.397727    -0.397727    -0.000000    -0.000000    -0.000000    -0.000000     0.416617     0.416617     5.551661     5.551661
0.195611    -10.000000    -10.000000    -8.960165    -8.960165    -7.193499    -7.193499    -3.000000    -3.000000    -1.423485    -1.423485    -0.458462    -0.458462    -0.000000    -0.000000     0.000000     0.000000     0.484004     0.484004     5.591443     5.591443
0.196602    -10.000000    -10.000000    -8.948024    -8.948024    -7.243113    -7.243113    -3.000000    -3.000000    -1.427182    -1.427182    -0.517058    -0.517058     0.000000     0.000000     0.000000     0.000000     0.550179     0.550179     5.637174     5.637174
0.197592    -10.000000    -10.000000    -8.934294    -8.934294    -7.298889    -7.298889    -3.000000    -3.000000    -1.431481    -1.431481    -0.573346    -0.573346    -0.000000    -0.000000     0.000000     0.000000     0.614942     0.614942     5.688774     5.688774
0.198582    -10.000000    -10.000000    -8.918986    -8.918986    -7.360665    -7.360665    -3.000000    -3.000000    -1.436422    -1.436422    -0.627173    -0.627173    -0.000000    -0.000000    -0.000000    -0.000000     0.678114     0.678114     5.746147     5.746147
0.199573    -10.000000    -10.000000    -8.902113    -8.902113    -7.428261    -7.428261    -3.000000    -3.000000    -1.442047    -1.442047    -0.678407    -0.678407    -0.000000    -0.000000     0.000000     0.000000     0.739535     0.739535     5.809181     5.809181
0.200563    -10.000000    -10.000000    -8.883689    -8.883689    -7.501486    -7.501486    -3.000000    -3.000000    -1.448399    -1.448399    -0.726935    -0.726935    -0.000000    -0.000000    -0.000000    -0.000000     0.799071     0.799071     5.877748     5.877748
0.201553    -10.000000    -10.000000    -8.863728    -8.863728    -7.580136    -7.580136    -3.000000    -3.000000    -1.455517    -1.455517    -0.772666    -0.772666    -0.000000    -0.000000    -0.000000    -0.000000     0.856613     0.856613     5.951706     5.951706
0.202544    -10.000000    -10.000000    -8.842247    -8.842247    -7.663997    -7.663997    -3.000000    -3.000000    -1.463439    -1.463439    -0.815533    -0.815533     0.000000     0.000000     0.000000     0.000000     0.912072     0.912072     6.030896     6.030896
0.203534    -10.000000    -10.000000    -8.819264    -8.819264    -7.752846    -7.752846    -3.000000    -3.000000    -1.472193    -1.472193    -0.855493    -0.855493     0.000000     0.000000     0.000000     0.000000     0.965387     0.965387     6.115145     6.115145
0.204524    -10.000000    -10.000000    -8.794797    -8.794797    -7.846452    -7.846452    -3.000000    -3.000000    -1.481795    -1.481795    -0.892532    -0.892532    -0.000000    -0.000000    -0.000000    -0.000000     1.016515     1.016515     6.204265     6.204265
0.205515    -10.000000    -10.000000    -8.768866    -8.768866    -7.944582    -7.944582    -3.000000    -3.000000    -1.492247    -1.492247    -0.926666    -0.926666    -0.000000    -0.000000     0.000000     0.000000     1.065437     1.065437     6.298059     6.298059
0.206505    -10.000000    -10.000000    -8.741492    -8.741492    -8.046995    -8.046995    -3.000000    -3.000000    -1.503530    -1.503530    -0.957942    -0.957942     0.000000     0.000000     0.000000     0.000000     1.112152     1.112152     6.396316     6.396316
0.207495    -10.000000    -10.000000    -8.712698    -8.712698    -8.153453    -8.153453    -3.000000    -3.000000    -1.515604    -1.515604    -0.986439    -0.986439    -0.000000    -0.000000     0.000000     0.000000     1.156677     1.156677     6.498819     6.498819
0.208485    -10.000000    -10.000000    -8.682507    -8.682507    -8.263714    -8.263714    -3.000000    -3.000000    -1.528407    -1.528407    -1.012267    -1.012267    -0.000000    -0.000000     0.000000     0.000000     1.199043     1.199043     6.605344     6.605344
0.209476    -10.000000    -10.000000    -8.650944    -8.650944    -8.377538    -8.377538    -3.000000    -3.000000    -1.541856    -1.541856    -1.035564    -1.035564    -0.000000    -0.000000     0.000000     0.000000     1.239296     1.239296     6.715662     6.715662
0.210466    -10.000000    -10.000000    -8.618034    -8.618034    -8.494688    -8.494688    -3.000000    -3.000000    -1.555851    -1.555851    -1.056491    -1.056491     0.000000     0.000000     0.000000     0.000000     1.277490     1.277490     6.829540     6.829540
0.211456    -10.000000    -10.000000    -8.614931    -8.614931    -8.583804    -8.583804    -3.000000    -3.000000    -1.570281    -1.570281    -1.075225    -1.075225    -0.000000    -0.000000     0.000000     0.000000     1.313691     1.313691     6.946746     6.946746
0.212447    -10.000000    -10.000000    -8.738036    -8.738036    -8.548283    -8.548283    -3.000000    -3.000000    -1.585028    -1.585028    -1.091952    -1.091952    -0.000000    -0.000000     0.000000     0.000000     1.347968     1.347968     7.067048     7.067048
0.213437    -10.000000    -10.000000    -8.863780    -8.863780    -8.511499    -8.511499    -3.000000    -3.000000    -1.599972    -1.599972    -1.106862    -1.106862    -0.000000    -0.000000    -0.000000    -0.000000     1.380398     1.380398     7.190216     7.190216
0.214427    -10.000000    -10.000000    -8.991942    -8.991942    -8.473482    -8.473482    -3.000000    -3.000000    -1.615000    -1.615000    -1.120140    -1.120140     0.000000     0.000000     0.000000     0.000000     1.411059     1.411059     7.316023     7.316023
0.215418    -10.000000    -10.000000    -9.122312    -9.122312    -8.434264    -8.434264    -3.000000    -3.000000    -1.630007    -1.630007    -1.131962    -1.131962     0.000000     0.000000     0.000000     0.000000     1.440034     1.440034     7.444247     7.444247
0.216408    -10.000000    -10.000000    -9.254683    -9.254683    -8.393875    -8.393875    -3.000000    -3.000000    -1.644898    -1.644898    -1.142493    -1.142493    -0.000000    -0.000000    -0.000000    -0.000000     1.467404     1.467404     7.574671     7.574671
0.217398    -10.000000    -10.000000    -9.388856    -9.388856    -8.352350    -8.352350    -3.000000    -3.000000    -1.659594    -1.659594    -1.151885    -1.151885    -0.000000    -0.000000     0.000000     0.000000     1.493250     1.493250     7.707084     7.707084
0.218389    -10.000000    -10.000000    -9.524639    -9.524639    -8.309721    -8.309721    -3.000000    -3.000000    -1.674025    -1.674025    -1.160272    -1.160272    -0.000000    -0.000000    -0.000000     0.000000     1.517653     1.517653     7.841283     7.841283
0.219379    -10.000000    -10.000000    -9.661847    -9.661847    -8.266025    -8.266025    -3.000000    -3.000000    -1.688137    -1.688137    -1.167777    -1.167777     0.000000     0.000000     0.000000     0.000000     1.540691     1.540691     7.977071     7.977071
0.220369    -10.000000    -10.000000    -9.800304    -9.800304    -8.221296    -8.221296    -3.000000    -3.000000    -1.701888    -1.701888    -1.174507    -1.174507    -0.000000    -0.000000     0.000000     0.000000     1.562441     1.562441     8.114257     8.114257
0.221359    -10.000000    -10.000000    -9.939837    -9.939837    -8.175571    -8.175571    -3.000000    -3.000000    -1.715243    -1.715243    -1.180555    -1.180555    -0.000000    -0.000000    -0.000000    -0.000000     1.582976     1.582976     8.252659     8.252659
0.222350    -10.080283    -10.080283    -10.000000    -10.000000    -8.128886    -8.128886    -3.000000    -3.000000    -1.728181    -1.728181    -1.186003    -1.186003    -0.000000    -0.000000     0.000000     0.000000     1.602366     1.602366     8.392102     8.392102
0.223340    -10.221486    -10.221486    -10.000000    -10.000000    -8.081282    -8.081282    -3.000000    -3.000000    -1.740686    -1.740686    -1.190925    -1.190925    -0.000000    -0.000000     0.000000     0.000000     1.620680     1.620680     8.532417     8.532417
0.224330    -10.363295    -10.363295    -10.000000    -10.000000    -8.032795    -8.032795    -3.000000    -3.000000    -1.752749    -1.752749    -1.195381    -1.195381    -0.000000    -0.000000    -0.000000     0.000000     1.637980     1.637980     8.673445     8.673445
0.225321    -10.505566    -10.505566    -10.000000    -10.000000    -7.983466    -7.983466    -3.000000    -3.000000    -1.764367    -1.764367    -1.199426    -1.199426    -0.000000    -0.000000     0.000000     0.000000     1.654329     1.654329     8.815030     8.815030
0.226311    -10.648160    -10.648160    -10.000000    -10.000000    -7.933335    -7.933335    -3.000000    -3.000000    -1.775543    -1.775543    -1.203107    -1.203107     0.000000     0.000000     0.000000     0.000000     1.669783     1.669783     8.957027     8.957027
0.227301    -10.790947    -10.790947    -10.000000    -10.000000    -7.882442    -7.882442    -3.000000    -3.000000    -1.786280    -1.786280    -1.206465    -1.206465     0.000000     0.000000     0.000000     0.000000     1.684396     1.684396     9.099295     9.099295
0.228292    -10.933799    -10.933799    -10.000000    -10.000000    -7.830830    -7.830830    -3.000000    -3.000000    -1.796586    -1.796586    -1.209535    -1.209535    -0.000000    -0.000000    -0.000000    -0.000000     1.698220     1.698220     9.241700     9.241700
0.229282    -11.076596    -11.076596    -10.000000    -10.000000    -7.778540    -7.778540    -3.000000    -3.000000    -1.806471    -1.806471    -1.212349    -1.212349    -0.000000    -0.000000    -0.000000    -0.000000     1.711302     1.711302     9.384113     9.384113
0.230272    -11.219221    -11.219221    -10.000000    -10.000000    -7.725615    -7.725615    -3.000000    -3.000000    -1.815947    -1.815947    -1.214933    -1.214933    -0.000000    -0.000000    -0.000000    -0.000000     1.723688     1.723688     9.526412     9.526412
0.231263    -11.361564    -11.361564    -10.000000    -10.000000    -7.672099    -7.672099    -3.000000    -3.000000    -1.825025    -1.825025    -1.217312    -1.217312     0.000000     0.000000     0.000000     0.000000     1.735420     1.735420     9.668480     9.668480
0.232253    -11.503518    -11.503518    -10.000000    -10.000000    -7.618034    -7.618034    -3.000000    -3.000000    -1.833719    -1.833719    -1.219505    -1.219505    -0.000000    -0.000000     0.000000     0.000000     1.746536     1.746536     9.810206     9.810206
0.233243    -11.644981    -11.644981    -10.000000    -10.000000    -7.563465    -7.563465    -3.000000    -3.000000    -1.842044    -1.842044    -1.221532    -1.221532    -0.000000    -0.000000     0.000000     0.000000     1.757075     1.757075     9.951483     9.951483
0.234233    -11.785857    -11.785857    -10.000000    -10.000000    -7.508437    -7.508437    -3.000000    -3.000000    -1.850012    -1.850012    -1.223409    -1.223409     0.000000     0.000000     0.000000     0.000000     1.767070     1.767070     10.092207     10.092207
0.235224    -11.926050    -11.926050    -10.000000    -10.000000    -7.452994    -7.452994    -3.000000    -3.000000    -1.857637    -1.857637    -1.225150    -1.225150    -0.000000    -0.000000     0.000000     0.000000     1.776554     1.776554     10.232283     10.232283
0.236214    -12.065471    -12.065471    -10.000000    -10.000000    -7.397181    -7.397181    -3.000000    -3.000000    -1.864934    -1.864934    -1.226767    -1.226767    -0.000000    -0.000000     0.000000     0.000000     1.785558     1.785558     10.371615     10.371615
0.237204    -12.204034    -12.204034    -10.000000    -10.000000    -7.341044    -7.341044    -3.000000    -3.000000    -1.871917    -1.871917    -1.228271    -1.228271    -0.000000    -0.000000    -0.000000    -0.000000     1.794108     1.794108     10.510114     10.510114
0.238195    -12.341656    -12.341656    -10.000000    -10.000000    -7.284630    -7.284630    -3.000000    -3.000000    -1.878598    -1.878598    -1.229674    -1.229674    -0.000000    -0.000000     0.000000     0.000000     1.802232     1.802232     10.647695     10.647695
0.239185    -12.478257    -12.478257    -10.000000    -10.000000    -7.227983    -7.227983    -3.000000    -3.000000    -1.884990    -1.884990    -1.230982    -1.230982    -0.000000    -0.000000     0.000000     0.000000     1.809955     1.809955     10.784275     10.784275
0.240175    -12.613760    -12.613760    -10.000000    -10.000000    -7.171150    -7.171150    -3.000000    -3.000000    -1.891107    -1.891107    -1.232205    -1.232205    -0.000000    -0.000000    -0.000000    -0.000000     1.817298     1.817298     10.919775     10.919775
0.241166    -12.748092    -12.748092    -10.000000    -10.000000    -7.114178    -7.114178    -3.000000    -3.000000    -1.896961    -1.896961    -1.233350    -1.233350    -0.000000    -0.000000     0.000000     0.000000     1.824284     1.824284     11.054119     11.054119
0.242156    -12.881182    -12.881182    -10.000000    -10.000000    -7.057112    -7.057112    -3.000000    -3.000000    -1.902562    -1.902562    -1.234422    -1.234422     0.000000     0.000000     0.000000     0.000000     1.830932     1.830932     11.187234     11.187234
0.243146    -13.012960    -13.012960    -10.000000    -10.000000    -7.000000    -7.000000    -3.000000    -3.000000    -1.907923    -1.907923    -1.235428    -1.235428     0.000000     0.000000     0.000000     0.000000     1.837262     1.837262     11.319049     11.319049
0.244137    -13.143363    -13.143363    -10.000000    -10.000000    -6.942888    -6.942888    -3.000000    -3.000000    -1.913054    -1.913054    -1.236373    -1.236373    -0.000000    -0.000000     0.000000     0.000000     1.843291     1.843291     11.449498     11.449498
0.245127    -13.272325    -13.272325    -10.000000    -10.000000    -6.885822    -6.885822    -3.000000    -3.000000    -1.917965    -1.917965    -1.237262    -1.237262    -0.000000    -0.000000    -0.000000    -0.000000     1.849035     1.849035     11.578516     11.578516
0.246117    -13.399786    -13.399786    -10.000000    -10.000000    -6.828850    -6.828850    -3.000000    -3.000000    -1.922666    -1.922666    -1.238097    -1.238097    -0.000000    -0.000000     0.000000     0.000000     1.854509     1.854509     11.706040     11.706040
0.247107    -13.525687    -13.525687    -10.000000    -10.000000    -6.772017    -6.772017    -3.000000    -3.000000    -1.927167    -1.927167    -1.238885    -1.238885    -0.000000    -0.000000     0.000000     0.000000     1.859728     1.859728     11.832010     11.832010
0.248098    -13.649970    -13.649970    -10.000000    -10.000000    -6.715370    -6.715370    -3.000000    -3.000000    -1.931476    -1.931476    -1.239627    -1.239627     0.000000     0.000000     0.000000     0.000000     1.864705     1.864705     11.956369     11.956369
0.249088    -13.772582    -13.772582    -10.000000    -10.000000    -6.658956    -6.658956    -3.000000    -3.000000    -1.935601    -1.935601    -1.240328    -1.240328    -0.000000    -0.000000     0.000000     0.000000     1.869452     1.869452     12.079059     12.079059
0.250078    -13.893468    -13.893468    -10.000000    -10.000000    -6.602819    -6.602819    -3.000000    -3.000000    -1.939552    -1.939552    -1.240989    -1.240989    -0.000000    -0.000000     0.000000     0.000000     1.873982     1.873982     12.200028     12.200028
0.251069    -14.012578    -14.012578    -10.000000    -10.000000    -6.547006    -6.547006    -3.000000    -3.000000    -1.943335    -1.943335    -1.241615    -1.241615    -0.000000    -0.000000    -0.000000    -0.000000     1.878305     1.878305     12.319223     12.319223
0.252059    -14.129862    -14.129862    -10.000000    -10.000000    -6.491563    -6.491563    -3.000000    -3.000000    -1.946958    -1.946958    -1.242206    -1.242206    -0.000000    -0.000000     0.000000     0.000000     1.882432     1.882432     12.436594     12.436594
0.253049    -14.245272    -14.245272    -10.000000    -10.000000    -6.436535    -6.436535    -3.000000    -3.000000    -1.950427    -1.950427    -1.242765    -1.242765     0.000000     0.000000     0.000000     0.000000     1.886371     1.886371     12.552093     12.552093
0.254040    -14.358761    -14.358761    -10.000000    -10.000000    -6.381966    -6.381966    -3.000000    -3.000000    -1.953750    -1.953750    -1.243295    -1.243295    -0.000000    -0.000000    -0.000000    -0.000000     1.890133     1.890133     12.665673     12.665673
0.255030    -14.470287    -14.470287    -10.000000    -10.000000    -6.327901    -6.327901    -3.000000    -3.000000    -1.956932    -1.956932    -1.243797    -1.243797    -0.000000    -0.000000     0.000000     0.000000     1.893726     1.893726     12.777289     12.777289
0.256020    -14.579804    -14.579804    -10.000000    -10.000000    -6.274385    -6.274385    -3.000000    -3.000000    -1.959979    -1.959979    -1.244272    -1.244272    -0.000000    -0.000000    -0.000000    -0.000000     1.897158     1.897158     12.886897     12.886897
0.257011    -14.687272    -14.687272    -10.000000    -10.000000    -6.221460    -6.221460    -3.000000    -3.000000    -1.962896    -1.962896    -1.244723    -1.244723    -0.000000    -0.000000     0.000000     0.000000     1.900435     1.900435     12.994456     12.994456
0.258001    -14.792649    -14.792649    -10.000000    -10.000000    -6.169170    -6.169170    -3.000000    -3.000000    -1.965689    -1.965689    -1.245151    -1.245151    -0.000000    -0.000000     0.000000     0.000000     1.903565     1.903565     13.099924     13.099924
0.258991    -14.895898    -14.895898    -10.000000    -10.000000    -6.117558    -6.117558    -3.000000    -3.000000    -1.968363    -1.968363    -1.245557    -1.245557    -0.000000    -0.000000    -0.000000     0.000000     1.906556     1.906556     13.203263     13.203263
0.259982    -14.996981    -14.996981    -10.000000    -10.000000    -6.066665    -6.066665    -3.000000    -3.000000    -1.970923    -1.970923    -1.245942    -1.245942    -0.000000    -0.000000     0.000000     0.000000     1.909411     1.909411     13.304434     13.304434
0.260972    -15.095860    -15.095860    -10.000000    -10.000000    -6.016534    -6.016534    -3.000000    -3.000000    -1.973373    -1.973373    -1.246307    -1.246307    -0.000000    -0.000000     0.000000     0.000000     1.912139     1.912139     13.403401     13.403401
0.261962    -15.192501    -15.192501    -10.000000    -10.000000    -5.967205    -5.967205    -3.000000    -3.000000    -1.975717    -1.975717    -1.246654    -1.246654     0.000000     0.000000     0.000000     0.000000     1.914744     1.914744     13.500129     13.500129
0.262952    -15.286871    -15.286871    -10.000000    -10.000000    -5.918718    -5.918718    -3.000000    -3.000000    -1.977959    -1.977959    -1.246984    -1.246984    -0.000000    -0.000000     0.000000     0.000000     1.917231     1.917231     13.594583     13.594583
0.263943    -15.378936    -15.378936    -10.000000    -10.000000    -5.871114    -5.871114    -3.000000    -3.000000    -1.980103    -1.980103    -1.247297    -1.247297    -0.000000     0.000000     0.000000     0.000000     1.919604     1.919604     13.686731     13.686731
0.264933    -15.468665    -15.468665    -10.000000    -10.000000    -5.824429    -5.824429    -3.000000    -3.000000    -1.982152    -1.982152    -1.247594    -1.247594     0.000000     0.000000     0.000000     0.000000     1.921870     1.921870     13.776541     13.776541
0.265923    -15.556027    -15.556027    -10.000000    -10.000000    -5.778704    -5.778704    -3.000000    -3.000000    -1.984111    -1.984111    -1.247876    -1.247876    -0.000000    -0.000000     0.000000     0.000000     1.924031     1.924031     13.863983     13.863983
0.266914    -15.640993    -15.640993    -10.000000    -10.000000    -5.733975    -5.733975    -3.000000    -3.000000    -1.985981    -1.985981    -1.248144    -1.248144    -0.000000    -0.000000     0.000000     0.000000     1.926092     1.926092     13.949026     13.949026
0.267904    -15.723534    -15.723534    -10.000000    -10.000000    -5.690279    -5.690279    -3.000000    -3.000000    -1.987767    -1.987767    -1.248399    -1.248399    -0.000000    -0.000000    -0.000000    -0.000000     1.928056     1.928056     14.031643     14.031643
0.268894    -15.803625    -15.803625    -10.000000    -10.000000    -5.647650    -5.647650    -3.000000    -3.000000    -1.989470    -1.989470    -1.248640    -1.248640    -0.000000    -0.000000     0.000000     0.000000     1.929928     1.929928     14.111807     14.111807
0.269885    -15.881237    -15.881237    -10.000000    -10.000000    -5.606125    -5.606125    -3.000000    -3.000000    -1.991094    -1.991094    -1.248868    -1.248868     0.000000     0.000000     0.000000     0.000000     1.931710     1.931710     14.189490     14.189490
0.270875    -15.956347    -15.956347    -10.000000    -10.000000    -5.565736    -5.565736    -3.000000    -3.000000    -1.992641    -1.992641    -1.249085    -1.249085    -0.000000    -0.000000     0.000000     0.000000     1.933405     1.933405     14.264668     14.264668
0.271865    -16.028929    -16.028929    -10.000000    -10.000000    -5.526518    -5.526518    -3.000000    -3.000000    -1.994114    -1.994114    -1.249291    -1.249291    -0.000000    -0.000000    -0.000000    -0.000000     1.935017     1.935017     14.337317     14.337317
0.272856    -16.098962    -16.098962    -10.000000    -10.000000    -5.488501    -5.488501    -3.000000    -3.000000    -1.995514    -1.995514    -1.249485    -1.249485     0.000000     0.000000     0.000000     0.000000     1.936548     1.936548     14.407414     14.407414
0.273846    -16.166422    -16.166422    -10.000000    -10.000000    -5.451717    -5.451717    -3.000000    -3.000000    -1.996845    -1.996845    -1.249669    -1.249669    -0.000000    -0.000000    -0.000000    -0.000000     1.938001     1.938001     14.474935     14.474935
0.274836    -16.231288    -16.231288    -10.000000    -10.000000    -5.416196    -5.416196    -3.000000    -3.000000    -1.998107    -1.998107    -1.249843    -1.249843    -0.000000    -0.000000    -0.000000    -0.000000     1.939378     1.939378     14.539861     14.539861
0.275826    -16.293541    -16.293541    -10.000000    -10.000000    -5.381966    -5.381966    -3.000000    -3.000000    -1.999303    -1.999303    -1.250007    -1.250007    -0.000000    -0.000000    -0.000000    -0.000000     1.940681     1.940681     14.602170     14.602170
0.276817    -16.353160    -16.353160    -10.000000    -10.000000    -5.349056    -5.349056    -3.000000    -3.000000    -2.000435    -2.000435    -1.250162    -1.250162    -0.000000    -0.000000    -0.000000    -0.000000     1.941913     1.941913     14.661843     14.661843
0.277807    -16.410128    -16.410128    -10.000000    -10.000000    -5.317493    -5.317493    -3.000000    -3.000000    -2.001503    -2.001503    -1.250307    -1.250307    -0.000000    -0.000000    -0.000000    -0.000000     1.943076     1.943076     14.718863     14.718863
0.278797    -16.464426    -16.464426    -10.000000    -10.000000    -5.287302    -5.287302    -3.000000    -3.000000    -2.002511    -2.002511    -1.250444    -1.250444     0.000000     0.000000     0.000000     0.000000     1.944171     1.944171     14.773210     14.773210
0.279788    -16.516039    -16.516039    -10.000000    -10.000000    -5.258508    -5.258508    -3.000000    -3.000000    -2.003458    -2.003458    -1.250573    -1.250573    -0.000000    -0.000000     0.000000     0.000000     1.945201     1.945201     14.824869     14.824869
0.280778    -16.564950    -16.564950    -10.000000    -10.000000    -5.231134    -5.231134    -3.000000    -3.000000    -2.004348    -2.004348    -1.250693    -1.250693    -0.000000    -0.000000     0.000000     0.000000     1.946166     1.946166     14.873824     14.873824
0.281768    -16.611144    -16.611144    -10.000000    -10.000000    -5.205203    -5.205203    -3.000000    -3.000000    -2.005180    -2.005180    -1.250805    -1.250805    -0.000000    -0.000000     0.000000     0.000000     1.947068     1.947068     14.920060     14.920060
0.282759    -16.654608    -16.654608    -10.000000    -10.000000    -5.180736    -5.180736    -3.000000    -3.000000    -2.005956    -2.005956    -1.250909    -1.250909    -0.000000    -0.000000     0.000000     0.000000     1.947910     1.947910     14.963564     14.963564
0.283749    -16.695329    -16.695329    -10.000000    -10.000000    -5.157753    -5.157753    -3.000000    -3.000000    -2.006677    -2.006677    -1.251006    -1.251006     0.000000     0.000000     0.000000     0.000000     1.948691     1.948691     15.004321     15.004321
0.284739    -16.733294    -16.733294    -10.000000    -10.000000    -5.136272    -5.136272    -3.000000    -3.000000    -2.007344    -2.007344    -1.251095    -1.251095     0.000000     0.000000     0.000000     0.000000     1.949413     1.949413     15.042320     15.042320
0.285730    -16.768493    -16.768493    -10.000000    -10.000000    -5.116311    -5.116311    -3.000000    -3.000000    -2.007958    -2.007958    -1.251177    -1.251177    -0.000000    -0.000000     0.000000     0.000000     1.950078     1.950078     15.077549     15.077549
0.286720    -16.800913    -16.800913    -10.000000    -10.000000    -5.097887    -5.097887    -3.000000    -3.000000    -2.008520    -2.008520    -1.251252    -1.251252    -0.000000    -0.000000    -0.000000    -0.000000     1.950686     1.950686     15.109999     15.109999
0.287710    -16.830547    -16.830547    -10.000000    -10.000000    -5.081014    -5.081014    -3.000000    -3.000000    -2.009030    -2.009030    -1.251320    -1.251320    -0.000000    -0.000000     0.000000     0.000000     1.951238     1.951238     15.139659     15.139659
0.288700    -16.857385    -16.857385    -10.000000    -10.000000    -5.065706    -5.065706    -3.000000    -3.000000    -2.009490    -2.009490    -1.251381    -1.251381     0.000000     0.000000     0.000000     0.000000     1.951735     1.951735     15.166521     15.166521
0.289691    -16.881419    -16.881419    -10.000000    -10.000000    -5.051976    -5.051976    -3.000000    -3.000000    -2.009900    -2.009900    -1.251435    -1.251435     0.000000     0.000000     0.000000     0.000000     1.952178     1.952178     15.190576     15.190576
0.290681    -16.902642    -16.902642    -10.000000    -10.000000    -5.039835    -5.039835    -3.000000    -3.000000    -2.010261    -2.010261    -1.251483    -1.251483    -0.000000    -0.000000     0.000000     0.000000     1.952567     1.952567     15.211818     15.211818
0.291671    -16.921048    -16.921048    -10.000000    -10.000000    -5.029292    -5.029292    -3.000000    -3.000000    -2.010572    -2.010572    -1.251524    -1.251524    -0.000000    -0.000000    -0.000000    -0.000000     1.952903     1.952903     15.230240     15.230240
0.292662    -16.936631    -16.936631    -10.000000    -10.000000    -5.020357    -5.020357    -3.000000    -3.000000    -2.010835    -2.010835    -1.251559    -1.251559    -0.000000    -0.000000     0.000000     0.000000     1.953187     1.953187     15.245837     15.245837
0.293652    -16.949387    -16.949387    -10.000000    -10.000000    -5.013037    -5.013037    -3.000000    -3.000000    -2.011049    -2.011049    -1.251587    -1.251587    -0.000000    -0.000000     0.000000     0.000000     1.953418     1.953418     15.258605     15.258605
0.294642    -16.959313    -16.959313    -10.000000    -10.000000    -5.007337    -5.007337    -3.000000    -3.000000    -2.011216    -2.011216    -1.251609    -1.251609    -0.000000    -0.000000    -0.000000     0.000000     1.953598     1.953598     15.268539     15.268539
0.295633    -16.966404    -16.966404    -10.000000    -10.000000    -5.003262    -5.003262    -3.000000    -3.000000    -2.011334    -2.011334    -1.251625    -1.251625    -0.000000    -0.000000    -0.000000    -0.000000     1.953726     1.953726     15.275637     15.275637
0.296623    -16.970660    -16.970660    -10.000000    -10.000000    -5.000816    -5.000816    -3.000000    -3.000000    -2.011406    -2.011406    -1.251634    -1.251634    -0.000000    -0.000000    -0.000000    -0.000000     1.953803     1.953803     15.279897     15.279897
0.297613    -16.972079    -16.972079    -10.000000    -10.000000    -5.000000    -5.000000    -3.000000    -3.000000    -2.011429    -2.011429    -1.251637    -1.251637     0.000000     0.000000     0.000000     0.000000     1.953829     1.953829     15.281317     15.281317
