0.000000    -3.200000    -2.800000     2.800000     3.200000
0.002002    -3.199960    -2.799960     2.799960     3.199960
0.004004    -3.199842    -2.799842     2.799842     3.199842
0.006006    -3.199644    -2.799644     2.799644     3.199644
0.008008    -3.199367    -2.799367     2.799367     3.199367
0.010010    -3.199011    -2.799011     2.799011     3.199011
0.012012    -3.198576    -2.798576     2.798576     3.198576
0.014014    -3.198062    -2.798062     2.798062     3.198062
0.016016    -3.197469    -2.797469     2.797469     3.197469
0.018018    -3.196797    -2.796797     2.796797     3.196797
0.020020    -3.196046    -2.796046     2.796046     3.196046
0.022022    -3.195215    -2.795215     2.795215     3.195215
0.024024    -3.194306    -2.794306     2.794306     3.194306
0.026026    -3.193319    -2.793319     2.793319     3.193319
0.028028    -3.192252    -2.792252     2.792252     3.192252
0.030030    -3.191106    -2.791106     2.791106     3.191106
0.032032    -3.189882    -2.789882     2.789882     3.189882
0.034034    -3.188579    -2.788579     2.788579     3.188579
0.036036    -3.187197    -2.787197     2.787197     3.187197
0.038038    -3.185737    -2.785737     2.785737     3.185737
0.040040    -3.184198    -2.784198     2.784198     3.184198
0.042042    -3.182580    -2.782580     2.782580     3.182580
0.044044    -3.180885    -2.780885     2.780885     3.180885
0.046046    -3.179111    -2.779111     2.779111     3.179111
0.048048    -3.177258    -2.777258     2.777258     3.177258
0.050050    -3.175327    -2.775327     2.775327     3.175327
0.052052    -3.173319    -2.773319     2.773319     3.173319
0.054054    -3.171232    -2.771232     2.771232     3.171232
0.056056    -3.169067    -2.769067     2.769067     3.169067
0.058058    -3.166824    -2.766824     2.766824     3.166824
0.060060    -3.164504    -2.764504     2.764504     3.164504
0.062062    -3.162106    -2.762106     2.762106     3.162106
0.064064    -3.159630    -2.759630     2.759630     3.159630
0.066066    -3.157076    -2.757076     2.757076     3.157076
0.068068    -3.154446    -2.754446     2.754446     3.154446
0.070070    -3.151737    -2.751737     2.751737     3.151737
0.072072    -3.148952    -2.748952     2.748952     3.148952
0.074074    -3.146090    -2.746090     2.746090     3.146090
0.076076    -3.143150    -2.743150     2.743150     3.143150
0.078078    -3.140134    -2.740134     2.740134     3.140134
0.080080    -3.137041    -2.737041     2.737041     3.137041
0.082082    -3.133872    -2.733872     2.733872     3.133872
0.084084    -3.130625    -2.730625     2.730625     3.130625
0.086086    -3.127303    -2.727303     2.727303     3.127303
0.088088    -3.123904    -2.723904     2.723904     3.123904
0.090090    -3.120429    -2.720429     2.720429     3.120429
0.092092    -3.116879    -2.716879     2.716879     3.116879
0.094094    -3.113252    -2.713252     2.713252     3.113252
0.096096    -3.109550    -2.709550     2.709550     3.109550
0.098098    -3.105772    -2.705772     2.705772     3.105772
0.100100    -3.101919    -2.701919     2.701919     3.101919
0.102102    -3.097990    -2.697990     2.697990     3.097990
0.104104    -3.093987    -2.693987     2.693987     3.093987
0.106106    -3.089908    -2.689908     2.689908     3.089908
0.108108    -3.085755    -2.685755     2.685755     3.085755
0.110110    -3.081527    -2.681527     2.681527     3.081527
0.112112    -3.077225    -2.677225     2.677225     3.077225
0.114114    -3.072848    -2.672848     2.672848     3.072848
0.116116    -3.068398    -2.668398     2.668398     3.068398
0.118118    -3.063873    -2.663873     2.663873     3.063873
0.120120    -3.059275    -2.659275     2.659275     3.059275
0.122122    -3.054603    -2.654603     2.654603     3.054603
0.124124    -3.049858    -2.649858     2.649858     3.049858
0.126126    -3.045040    -2.645040     2.645040     3.045040
0.128128    -3.040148    -2.640148     2.640148     3.040148
0.130130    -3.035184    -2.635184     2.635184     3.035184
0.132132    -3.030148    -2.630148     2.630148     3.030148
0.134134    -3.025039    -2.625039     2.625039     3.025039
0.136136    -3.019857    -2.619857     2.619857     3.019857
0.138138    -3.014604    -2.614604     2.614604     3.014604
0.140140    -3.009279    -2.609279     2.609279     3.009279
0.142142    -3.003882    -2.603882     2.603882     3.003882
0.144144    -2.998414    -2.598414     2.598414     2.998414
0.146146    -2.992875    -2.592875     2.592875     2.992875
0.148148    -2.987265    -2.587265     2.587265     2.987265
0.150150    -2.981585    -2.581585     2.581585     2.981585
0.152152    -2.975833    -2.575833     2.575833     2.975833
0.154154    -2.970012    -2.570012     2.570012     2.970012
0.156156    -2.964120    -2.564120     2.564120     2.964120
0.158158    -2.958159    -2.558159     2.558159     2.958159
0.160160    -2.952128    -2.552128     2.552128     2.952128
0.162162    -2.946028    -2.546028     2.546028     2.946028
0.164164    -2.939859    -2.539859     2.539859     2.939859
0.166166    -2.933621    -2.533621     2.533621     2.933621
0.168168    -2.927314    -2.527314     2.527314     2.927314
0.170170    -2.920940    -2.520940     2.520940     2.920940
0.172172    -2.914497    -2.514497     2.514497     2.914497
0.174174    -2.907986    -2.507986     2.507986     2.907986
0.176176    -2.901407    -2.501407     2.501407     2.901407
0.178178    -2.894762    -2.494762     2.494762     2.894762
0.180180    -2.888049    -2.488049     2.488049     2.888049
0.182182    -2.881269    -2.481269     2.481269     2.881269
0.184184    -2.874423    -2.474423     2.474423     2.874423
0.186186    -2.867511    -2.467511     2.467511     2.867511
0.188188    -2.860533    -2.460533     2.460533     2.860533
0.190190    -2.853489    -2.453489     2.453489     2.853489
0.192192    -2.846380    -2.446380     2.446380     2.846380
0.194194    -2.839205    -2.439205     2.439205     2.839205
0.196196    -2.831966    -2.431966     2.431966     2.831966
0.198198    -2.824662    -2.424662     2.424662     2.824662
0.200200    -2.817294    -2.417294     2.417294     2.817294
0.202202    -2.809862    -2.409862     2.409862     2.809862
0.204204    -2.802366    -2.402366     2.402366     2.802366
0.206206    -2.794807    -2.394807     2.394807     2.794807
0.208208    -2.787185    -2.387185     2.387185     2.787185
0.210210    -2.779500    -2.379500     2.379500     2.779500
0.212212    -2.771753    -2.371753     2.371753     2.771753
0.214214    -2.763943    -2.363943     2.363943     2.763943
0.216216    -2.756072    -2.356072     2.356072     2.756072
0.218218    -2.748138    -2.348138     2.348138     2.748138
0.220220    -2.740144    -2.340144     2.340144     2.740144
0.222222    -2.732089    -2.332089     2.332089     2.732089
0.224224    -2.723973    -2.323973     2.323973     2.723973
0.226226    -2.715797    -2.315797     2.315797     2.715797
0.228228    -2.707561    -2.307561     2.307561     2.707561
0.230230    -2.699265    -2.299265     2.299265     2.699265
0.232232    -2.690910    -2.290910     2.290910     2.690910
0.234234    -2.682496    -2.282496     2.282496     2.682496
0.236236    -2.674023    -2.274023     2.274023     2.674023
0.238238    -2.665492    -2.265492     2.265492     2.665492
0.240240    -2.656904    -2.256904     2.256904     2.656904
0.242242    -2.648257    -2.248257     2.248257     2.648257
0.244244    -2.639553    -2.239553     2.239553     2.639553
0.246246    -2.630792    -2.230792     2.230792     2.630792
0.248248    -2.621975    -2.221975     2.221975     2.621975
0.250250    -2.613101    -2.213101     2.213101     2.613101
0.252252    -2.604172    -2.204172     2.204172     2.604172
0.254254    -2.595187    -2.195187     2.195187     2.595187
0.256256    -2.586146    -2.186146     2.186146     2.586146
0.258258    -2.577051    -2.177051     2.177051     2.577051
0.260260    -2.567902    -2.167902     2.167902     2.567902
0.262262    -2.558698    -2.158698     2.158698     2.558698
0.264264    -2.549441    -2.149441     2.149441     2.549441
0.266266    -2.540130    -2.140130     2.140130     2.540130
0.268268    -2.530766    -2.130766     2.130766     2.530766
0.270270    -2.521349    -2.121349     2.121349     2.521349
0.272272    -2.511881    -2.111881     2.111881     2.511881
0.274274    -2.502360    -2.102360     2.102360     2.502360
0.276276    -2.492788    -2.092788     2.092788     2.492788
0.278278    -2.483165    -2.083165     2.083165     2.483165
0.280280    -2.473491    -2.073491     2.073491     2.473491
0.282282    -2.463766    -2.063766     2.063766     2.463766
0.284284    -2.453992    -2.053992     2.053992     2.453992
0.286286    -2.444168    -2.044168     2.044168     2.444168
0.288288    -2.434294    -2.034294     2.034294     2.434294
0.290290    -2.424372    -2.024372     2.024372     2.424372
0.292292    -2.414402    -2.014402     2.014402     2.414402
0.294294    -2.404383    -2.004383     2.004383     2.404383
0.296296    -2.394317    -1.994317     1.994317     2.394317
0.298298    -2.384204    -1.984204     1.984204     2.384204
0.300300    -2.374043    -1.974043     1.974043     2.374043
0.302302    -2.363837    -1.963837     1.963837     2.363837
0.304304    -2.353584    -1.953584     1.953584     2.353584
0.306306    -2.343286    -1.943286     1.943286     2.343286
0.308308    -2.332942    -1.932942     1.932942     2.332942
0.310310    -2.322554    -1.922554     1.922554     2.322554
0.312312    -2.312121    -1.912121     1.912121     2.312121
0.314314    -2.301644    -1.901644     1.901644     2.301644
0.316316    -2.291124    -1.891124     1.891124     2.291124
0.318318    -2.280560    -1.880560     1.880560     2.280560
0.320320    -2.269954    -1.869954     1.869954     2.269954
0.322322    -2.259305    -1.859305     1.859305     2.259305
0.324324    -2.248615    -1.848615     1.848615     2.248615
0.326326    -2.237883    -1.837883     1.837883     2.237883
0.328328    -2.227109    -1.827109     1.827109     2.227109
0.330330    -2.216296    -1.816296     1.816296     2.216296
0.332332    -2.205442    -1.805442     1.805442     2.205442
0.334334    -2.194548    -1.794548     1.794548     2.194548
0.336336    -2.183615    -1.783615     1.783615     2.183615
0.338338    -2.172643    -1.772643     1.772643     2.172643
0.340340    -2.161633    -1.761633     1.761633     2.161633
0.342342    -2.150584    -1.750584     1.750584     2.150584
0.344344    -2.139498    -1.739498     1.739498     2.139498
0.346346    -2.128375    -1.728375     1.728375     2.128375
0.348348    -2.117215    -1.717215     1.717215     2.117215
0.350350    -2.106019    -1.706019     1.706019     2.106019
0.352352    -2.094787    -1.694787     1.694787     2.094787
0.354354    -2.083520    -1.683520     1.683520     2.083520
0.356356    -2.072217    -1.672217     1.672217     2.072217
0.358358    -2.060880    -1.660880     1.660880     2.060880
0.360360    -2.049509    -1.649509     1.649509     2.049509
0.362362    -2.038105    -1.638105     1.638105     2.038105
0.364364    -2.026667    -1.626667     1.626667     2.026667
0.366366    -2.015197    -1.615197     1.615197     2.015197
0.368368    -2.003694    -1.603694     1.603694     2.003694
0.370370    -1.992160    -1.592160     1.592160     1.992160
0.372372    -1.980594    -1.580594     1.580594     1.980594
0.374374    -1.968997    -1.568997     1.568997     1.968997
0.376376    -1.957370    -1.557370     1.557370     1.957370
0.378378    -1.945713    -1.545713     1.545713     1.945713
0.380380    -1.934026    -1.534026     1.534026     1.934026
0.382382    -1.922311    -1.522311     1.522311     1.922311
0.384384    -1.910567    -1.510567     1.510567     1.910567
0.386386    -1.898794    -1.498794     1.498794     1.898794
0.388388    -1.886995    -1.486995     1.486995     1.886995
0.390390    -1.875167    -1.475167     1.475167     1.875167
0.392392    -1.863314    -1.463314     1.463314     1.863314
0.394394    -1.851434    -1.451434     1.451434     1.851434
0.396396    -1.839528    -1.439528     1.439528     1.839528
0.398398    -1.827597    -1.427597     1.427597     1.827597
0.400400    -1.815641    -1.415641     1.415641     1.815641
0.402402    -1.803661    -1.403661     1.403661     1.803661
0.404404    -1.791656    -1.391656     1.391656     1.791656
0.406406    -1.779629    -1.379629     1.379629     1.779629
0.408408    -1.767578    -1.367578     1.367578     1.767578
0.410410    -1.755505    -1.355505     1.355505     1.755505
0.412412    -1.743411    -1.343411     1.343411     1.743411
0.414414    -1.731294    -1.331294     1.331294     1.731294
0.416416    -1.719157    -1.319157     1.319157     1.719157
0.418418    -1.706999    -1.306999     1.306999     1.706999
0.420420    -1.694821    -1.294821     1.294821     1.694821
0.422422    -1.682623    -1.282623     1.282623     1.682623
0.424424    -1.670406    -1.270406     1.270406     1.670406
0.426426    -1.658171    -1.258171     1.258171     1.658171
0.428428    -1.645918    -1.245918     1.245918     1.645918
0.430430    -1.633647    -1.233647     1.233647     1.633647
0.432432    -1.621359    -1.221359     1.221359     1.621359
0.434434    -1.609054    -1.209054     1.209054     1.609054
0.436436    -1.596733    -1.196733     1.196733     1.596733
0.438438    -1.584396    -1.184396     1.184396     1.584396
0.440440    -1.572044    -1.172044     1.172044     1.572044
0.442442    -1.559677    -1.159677     1.159677     1.559677
0.444444    -1.547296    -1.147296     1.147296     1.547296
0.446446    -1.534902    -1.134902     1.134902     1.534902
0.448448    -1.522494    -1.122494     1.122494     1.522494
0.450450    -1.510073    -1.110073     1.110073     1.510073
0.452452    -1.497640    -1.097640     1.097640     1.497640
0.454454    -1.485196    -1.085196     1.085196     1.485196
0.456456    -1.472740    -1.072740     1.072740     1.472740
0.458458    -1.460273    -1.060273     1.060273     1.460273
0.460460    -1.447796    -1.047796     1.047796     1.447796
0.462462    -1.435309    -1.035309     1.035309     1.435309
0.464464    -1.422813    -1.022813     1.022813     1.422813
0.466466    -1.410308    -1.010308     1.010308     1.410308
0.468468    -1.397795    -0.997795     0.997795     1.397795
0.470470    -1.385273    -0.985273     0.985273     1.385273
0.472472    -1.372745    -0.972745     0.972745     1.372745
0.474474    -1.360210    -0.960210     0.960210     1.360210
0.476476    -1.347668    -0.947668     0.947668     1.347668
0.478478    -1.335121    -0.935121     0.935121     1.335121
0.480480    -1.322568    -0.922568     0.922568     1.322568
0.482482    -1.310010    -0.910010     0.910010     1.310010
0.484484    -1.297448    -0.897448     0.897448     1.297448
0.486486    -1.284882    -0.884882     0.884882     1.284882
0.488488    -1.272313    -0.872313     0.872313     1.272313
0.490490    -1.259741    -0.859741     0.859741     1.259741
0.492492    -1.247167    -0.847167     0.847167     1.247167
0.494494    -1.234590    -0.834590     0.834590     1.234590
0.496496    -1.222013    -0.822013     0.822013     1.222013
0.498498    -1.209434    -0.809434     0.809434     1.209434
0.500501    -1.196855    -0.796855     0.796855     1.196855
0.502503    -1.184276    -0.784276     0.784276     1.184276
0.504505    -1.171698    -0.771698     0.771698     1.171698
0.506507    -1.159121    -0.759121     0.759121     1.159121
0.508509    -1.146546    -0.746546     0.746546     1.146546
0.510511    -1.133973    -0.733973     0.733973     1.133973
0.512513    -1.121402    -0.721402     0.721402     1.121402
0.514515    -1.108834    -0.708834     0.708834     1.108834
0.516517    -1.096270    -0.696270     0.696270     1.096270
0.518519    -1.083710    -0.683710     0.683710     1.083710
0.520521    -1.071155    -0.671155     0.671155     1.071155
0.522523    -1.058605    -0.658605     0.658605     1.058605
0.524525    -1.046060    -0.646060     0.646060     1.046060
0.526527    -1.033522    -0.633522     0.633522     1.033522
0.528529    -1.020990    -0.620990     0.620990     1.020990
0.530531    -1.008465    -0.608465     0.608465     1.008465
0.532533    -0.995948    -0.595948     0.595948     0.995948
0.534535    -0.983439    -0.583439     0.583439     0.983439
0.536537    -0.970938    -0.570938     0.570938     0.970938
0.538539    -0.958446    -0.558446     0.558446     0.958446
0.540541    -0.945964    -0.545964     0.545964     0.945964
0.542543    -0.933492    -0.533492     0.533492     0.933492
0.544545    -0.921031    -0.521031     0.521031     0.921031
0.546547    -0.908581    -0.508581     0.508581     0.908581
0.548549    -0.896142    -0.496142     0.496142     0.896142
0.550551    -0.883715    -0.483715     0.483715     0.883715
0.552553    -0.871301    -0.471301     0.471301     0.871301
0.554555    -0.858899    -0.458899     0.458899     0.858899
0.556557    -0.846511    -0.446511     0.446511     0.846511
0.558559    -0.834138    -0.434138     0.434138     0.834138
0.560561    -0.821778    -0.421778     0.421778     0.821778
0.562563    -0.809434    -0.409434     0.409434     0.809434
0.564565    -0.797105    -0.397105     0.397105     0.797105
0.566567    -0.784792    -0.384792     0.384792     0.784792
0.568569    -0.772495    -0.372495     0.372495     0.772495
0.570571    -0.760216    -0.360216     0.360216     0.760216
0.572573    -0.747953    -0.347953     0.347953     0.747953
0.574575    -0.735709    -0.335709     0.335709     0.735709
0.576577    -0.723483    -0.323483     0.323483     0.723483
0.578579    -0.711276    -0.311276     0.311276     0.711276
0.580581    -0.699088    -0.299088     0.299088     0.699088
0.582583    -0.686920    -0.286920     0.286920     0.686920
0.584585    -0.674772    -0.274772     0.274772     0.674772
0.586587    -0.662645    -0.262645     0.262645     0.662645
0.588589    -0.650539    -0.250539     0.250539     0.650539
0.590591    -0.638455    -0.238455     0.238455     0.638455
0.592593    -0.626394    -0.226394     0.226394     0.626394
0.594595    -0.614354    -0.214354     0.214354     0.614354
0.596597    -0.602339    -0.202339     0.202339     0.602339
0.598599    -0.590346    -0.190346     0.190346     0.590346
0.600601    -0.578378    -0.178378     0.178378     0.578378
0.602603    -0.566435    -0.166435     0.166435     0.566435
0.604605    -0.554516    -0.154516     0.154516     0.554516
0.606607    -0.542623    -0.142623     0.142623     0.542623
0.608609    -0.530756    -0.130756     0.130756     0.530756
0.610611    -0.518916    -0.118916     0.118916     0.518916
0.612613    -0.507102    -0.107102     0.107102     0.507102
0.614615    -0.495316    -0.095316     0.095316     0.495316
0.616617    -0.483558    -0.083558     0.083558     0.483558
0.618619    -0.471828    -0.071828     0.071828     0.471828
0.620621    -0.460127    -0.060127     0.060127     0.460127
0.622623    -0.448455    -0.048455     0.048455     0.448455
0.624625    -0.436813    -0.036813     0.036813     0.436813
0.626627    -0.425201    -0.025201     0.025201     0.425201
0.628629    -0.413619    -0.013619     0.013619     0.413619
0.630631    -0.402069    -0.002069     0.002069     0.402069
0.632633    -0.390551    -0.009449     0.009449     0.390551
0.634635    -0.379064    -0.020936     0.020936     0.379064
0.636637    -0.367610    -0.032390     0.032390     0.367610
0.638639    -0.356189    -0.043811     0.043811     0.356189
0.640641    -0.344801    -0.055199     0.055199     0.344801
0.642643    -0.333447    -0.066553     0.066553     0.333447
0.644645    -0.322127    -0.077873     0.077873     0.322127
0.646647    -0.310842    -0.089158     0.089158     0.310842
0.648649    -0.299593    -0.100407     0.100407     0.299593
0.650651    -0.288378    -0.111622     0.111622     0.288378
0.652653    -0.277200    -0.122800     0.122800     0.277200
0.654655    -0.266059    -0.133941     0.133941     0.266059
0.656657    -0.254954    -0.145046     0.145046     0.254954
0.658659    -0.243887    -0.156113     0.156113     0.243887
0.660661    -0.232857    -0.167143     0.167143     0.232857
0.662663    -0.221866    -0.178134     0.178134     0.221866
0.664665    -0.210913    -0.189087     0.189087     0.210913
0.666667    -0.200000    -0.200000     0.200000     0.200000
0.668663    -0.210841    -0.189159     0.189159     0.210841
0.670659    -0.221643    -0.178357     0.178357     0.221643
0.672655    -0.232404    -0.167596     0.167596     0.232404
0.674651    -0.243125    -0.156875     0.156875     0.243125
0.676647    -0.253805    -0.146195     0.146195     0.253805
0.678643    -0.264443    -0.135557     0.135557     0.264443
0.680639    -0.275040    -0.124960     0.124960     0.275040
0.682635    -0.285594    -0.114406     0.114406     0.285594
0.684631    -0.296106    -0.103894     0.103894     0.296106
0.686627    -0.306574    -0.093426     0.093426     0.306574
0.688623    -0.316999    -0.083001     0.083001     0.316999
0.690619    -0.327380    -0.072620     0.072620     0.327380
0.692615    -0.337717    -0.062283     0.062283     0.337717
0.694611    -0.348009    -0.051991     0.051991     0.348009
0.696607    -0.358256    -0.041744     0.041744     0.358256
0.698603    -0.368457    -0.031543     0.031543     0.368457
0.700599    -0.378612    -0.021388     0.021388     0.378612
0.702595    -0.388721    -0.011279     0.011279     0.388721
0.704591    -0.398783    -0.001217     0.001217     0.398783
0.706587    -0.408799    -0.008799     0.008799     0.408799
0.708583    -0.418766    -0.018766     0.018766     0.418766
0.710579    -0.428686    -0.028686     0.028686     0.428686
0.712575    -0.438557    -0.038557     0.038557     0.438557
0.714571    -0.448380    -0.048380     0.048380     0.448380
0.716567    -0.458153    -0.058153     0.058153     0.458153
0.718563    -0.467877    -0.067877     0.067877     0.467877
0.720559    -0.477552    -0.077552     0.077552     0.477552
0.722555    -0.487176    -0.087176     0.087176     0.487176
0.724551    -0.496749    -0.096749     0.096749     0.496749
0.726547    -0.506271    -0.106271     0.106271     0.506271
0.728543    -0.515743    -0.115743     0.115743     0.515743
0.730539    -0.525162    -0.125162     0.125162     0.525162
0.732535    -0.534529    -0.134529     0.134529     0.534529
0.734531    -0.543844    -0.143844     0.143844     0.543844
0.736527    -0.553106    -0.153106     0.153106     0.553106
0.738523    -0.562314    -0.162314     0.162314     0.562314
0.740519    -0.571469    -0.171469     0.171469     0.571469
0.742515    -0.580571    -0.180571     0.180571     0.580571
0.744511    -0.589617    -0.189617     0.189617     0.589617
0.746507    -0.598610    -0.198610     0.198610     0.598610
0.748503    -0.607547    -0.207547     0.207547     0.607547
0.750499    -0.616429    -0.216429     0.216429     0.616429
0.752495    -0.625255    -0.225255     0.225255     0.625255
0.754491    -0.634025    -0.234025     0.234025     0.634025
0.756487    -0.642739    -0.242739     0.242739     0.642739
0.758483    -0.651396    -0.251396     0.251396     0.651396
0.760479    -0.659996    -0.259996     0.259996     0.659996
0.762475    -0.668539    -0.268539     0.268539     0.668539
0.764471    -0.677023    -0.277023     0.277023     0.677023
0.766467    -0.685450    -0.285450     0.285450     0.685450
0.768463    -0.693819    -0.293819     0.293819     0.693819
0.770459    -0.702128    -0.302128     0.302128     0.702128
0.772455    -0.710379    -0.310379     0.310379     0.710379
0.774451    -0.718570    -0.318570     0.318570     0.718570
0.776447    -0.726701    -0.326701     0.326701     0.726701
0.778443    -0.734773    -0.334773     0.334773     0.734773
0.780439    -0.742784    -0.342784     0.342784     0.742784
0.782435    -0.750734    -0.350734     0.350734     0.750734
0.784431    -0.758624    -0.358624     0.358624     0.758624
0.786427    -0.766452    -0.366452     0.366452     0.766452
0.788423    -0.774218    -0.374218     0.374218     0.774218
0.790419    -0.781923    -0.381923     0.381923     0.781923
0.792415    -0.789565    -0.389565     0.389565     0.789565
0.794411    -0.797145    -0.397145     0.397145     0.797145
0.796407    -0.804662    -0.404662     0.404662     0.804662
0.798403    -0.812116    -0.412116     0.412116     0.812116
0.800399    -0.819507    -0.419507     0.419507     0.819507
0.802395    -0.826834    -0.426834     0.426834     0.826834
0.804391    -0.834097    -0.434097     0.434097     0.834097
0.806387    -0.841296    -0.441296     0.441296     0.841296
0.808383    -0.848430    -0.448430     0.448430     0.848430
0.810379    -0.855499    -0.455499     0.455499     0.855499
0.812375    -0.862504    -0.462504     0.462504     0.862504
0.814371    -0.869443    -0.469443     0.469443     0.869443
0.816367    -0.876316    -0.476316     0.476316     0.876316
0.818363    -0.883123    -0.483123     0.483123     0.883123
0.820359    -0.889864    -0.489864     0.489864     0.889864
0.822355    -0.896539    -0.496539     0.496539     0.896539
0.824351    -0.903147    -0.503147     0.503147     0.903147
0.826347    -0.909688    -0.509688     0.509688     0.909688
0.828343    -0.916162    -0.516162     0.516162     0.916162
0.830339    -0.922568    -0.522568     0.522568     0.922568
0.832335    -0.928907    -0.528907     0.528907     0.928907
0.834331    -0.935178    -0.535178     0.535178     0.935178
0.836327    -0.941380    -0.541380     0.541380     0.941380
0.838323    -0.947514    -0.547514     0.547514     0.947514
0.840319    -0.953579    -0.553579     0.553579     0.953579
0.842315    -0.959575    -0.559575     0.559575     0.959575
0.844311    -0.965503    -0.565503     0.565503     0.965503
0.846307    -0.971360    -0.571360     0.571360     0.971360
0.848303    -0.977148    -0.577148     0.577148     0.977148
0.850299    -0.982866    -0.582866     0.582866     0.982866
0.852295    -0.988514    -0.588514     0.588514     0.988514
0.854291    -0.994092    -0.594092     0.594092     0.994092
0.856287    -0.999599    -0.599599     0.599599     0.999599
0.858283    -1.005036    -0.605036     0.605036     1.005036
0.860279    -1.010401    -0.610401     0.610401     1.010401
0.862275    -1.015695    -0.615695     0.615695     1.015695
0.864271    -1.020918    -0.620918     0.620918     1.020918
0.866267    -1.026069    -0.626069     0.626069     1.026069
0.868263    -1.031149    -0.631149     0.631149     1.031149
0.870259    -1.036156    -0.636156     0.636156     1.036156
0.872255    -1.041091    -0.641091     0.641091     1.041091
0.874251    -1.045954    -0.645954     0.645954     1.045954
0.876248    -1.050744    -0.650744     0.650744     1.050744
0.878244    -1.055462    -0.655462     0.655462     1.055462
0.880240    -1.060106    -0.660106     0.660106     1.060106
0.882236    -1.064678    -0.664678     0.664678     1.064678
0.884232    -1.069176    -0.669176     0.669176     1.069176
0.886228    -1.073600    -0.673600     0.673600     1.073600
0.888224    -1.077951    -0.677951     0.677951     1.077951
0.890220    -1.082228    -0.682228     0.682228     1.082228
0.892216    -1.086431    -0.686431     0.686431     1.086431
0.894212    -1.090560    -0.690560     0.690560     1.090560
0.896208    -1.094615    -0.694615     0.694615     1.094615
0.898204    -1.098595    -0.698595     0.698595     1.098595
0.900200    -1.102500    -0.702500     0.702500     1.102500
0.902196    -1.106331    -0.706331     0.706331     1.106331
0.904192    -1.110086    -0.710086     0.710086     1.110086
0.906188    -1.113767    -0.713767     0.713767     1.113767
0.908184    -1.117372    -0.717372     0.717372     1.117372
0.910180    -1.120902    -0.720902     0.720902     1.120902
0.912176    -1.124356    -0.724356     0.724356     1.124356
0.914172    -1.127735    -0.727735     0.727735     1.127735
0.916168    -1.131038    -0.731038     0.731038     1.131038
0.918164    -1.134265    -0.734265     0.734265     1.134265
0.920160    -1.137416    -0.737416     0.737416     1.137416
0.922156    -1.140490    -0.740490     0.740490     1.140490
0.924152    -1.143489    -0.743489     0.743489     1.143489
0.926148    -1.146411    -0.746411     0.746411     1.146411
0.928144    -1.149256    -0.749256     0.749256     1.149256
0.930140    -1.152025    -0.752025     0.752025     1.152025
0.932136    -1.154717    -0.754717     0.754717     1.154717
0.934132    -1.157332    -0.757332     0.757332     1.157332
0.936128    -1.159870    -0.759870     0.759870     1.159870
0.938124    -1.162331    -0.762331     0.762331     1.162331
0.940120    -1.164715    -0.764715     0.764715     1.164715
0.942116    -1.167022    -0.767022     0.767022     1.167022
0.944112    -1.169251    -0.769251     0.769251     1.169251
0.946108    -1.171403    -0.771403     0.771403     1.171403
0.948104    -1.173478    -0.773478     0.773478     1.173478
0.950100    -1.175475    -0.775475     0.775475     1.175475
0.952096    -1.177394    -0.777394     0.777394     1.177394
0.954092    -1.179235    -0.779235     0.779235     1.179235
0.956088    -1.180999    -0.780999     0.780999     1.180999
0.958084    -1.182684    -0.782684     0.782684     1.182684
0.960080    -1.184292    -0.784292     0.784292     1.184292
0.962076    -1.185822    -0.785822     0.785822     1.185822
0.964072    -1.187274    -0.787274     0.787274     1.187274
0.966068    -1.188647    -0.788647     0.788647     1.188647
0.968064    -1.189942    -0.789942     0.789942     1.189942
0.970060    -1.191159    -0.791159     0.791159     1.191159
0.972056    -1.192298    -0.792298     0.792298     1.192298
0.974052    -1.193358    -0.793358     0.793358     1.193358
0.976048    -1.194340    -0.794340     0.794340     1.194340
0.978044    -1.195244    -0.795244     0.795244     1.195244
0.980040    -1.196069    -0.796069     0.796069     1.196069
0.982036    -1.196816    -0.796816     0.796816     1.196816
0.984032    -1.197484    -0.797484     0.797484     1.197484
0.986028    -1.198074    -0.798074     0.798074     1.198074
0.988024    -1.198585    -0.798585     0.798585     1.198585
0.990020    -1.199017    -0.799017     0.799017     1.199017
0.992016    -1.199371    -0.799371     0.799371     1.199371
0.994012    -1.199646    -0.799646     0.799646     1.199646
0.996008    -1.199843    -0.799843     0.799843     1.199843
0.998004    -1.199961    -0.799961     0.799961     1.199961
1.000000    -1.200000    -0.800000     0.800000     1.200000
1.002008    -1.199960    -0.799960     0.799960     1.199960
1.004016    -1.199841    -0.799841     0.799841     1.199841
1.006024    -1.199642    -0.799642     0.799642     1.199642
1.008032    -1.199363    -0.799363     0.799363     1.199363
1.010040    -1.199005    -0.799005     0.799005     1.199005
1.012048    -1.198568    -0.798568     0.798568     1.198568
1.014056    -1.198050    -0.798050     0.798050     1.198050
1.016064    -1.197454    -0.797454     0.797454     1.197454
1.018072    -1.196777    -0.796777     0.796777     1.196777
1.020080    -1.196022    -0.796022     0.796022     1.196022
1.022088    -1.195187    -0.795187     0.795187     1.195187
1.024096    -1.194272    -0.794272     0.794272     1.194272
1.026104    -1.193278    -0.793278     0.793278     1.193278
1.028112    -1.192205    -0.792205     0.792205     1.192205
1.030120    -1.191053    -0.791053     0.791053     1.191053
1.032129    -1.189821    -0.789821     0.789821     1.189821
1.034137    -1.188510    -0.788510     0.788510     1.188510
1.036145    -1.187120    -0.787120     0.787120     1.187120
1.038153    -1.185651    -0.785651     0.785651     1.185651
1.040161    -1.184103    -0.784103     0.784103     1.184103
1.042169    -1.182476    -0.782476     0.782476     1.182476
1.044177    -1.180770    -0.780770     0.780770     1.180770
1.046185    -1.178985    -0.778985     0.778985     1.178985
1.048193    -1.177121    -0.777121     0.777121     1.177121
1.050201    -1.175179    -0.775179     0.775179     1.175179
1.052209    -1.173158    -0.773158     0.773158     1.173158
1.054217    -1.171059    -0.771059     0.771059     1.171059
1.056225    -1.168881    -0.768881     0.768881     1.168881
1.058233    -1.166625    -0.766625     0.766625     1.166625
1.060241    -1.164290    -0.764290     0.764290     1.164290
1.062249    -1.161878    -0.761878     0.761878     1.161878
1.064257    -1.159387    -0.759387     0.759387     1.159387
1.066265    -1.156818    -0.756818     0.756818     1.156818
1.068273    -1.154172    -0.754172     0.754172     1.154172
1.070281    -1.151447    -0.751447     0.751447     1.151447
1.072289    -1.148645    -0.748645     0.748645     1.148645
1.074297    -1.145766    -0.745766     0.745766     1.145766
1.076305    -1.142809    -0.742809     0.742809     1.142809
1.078313    -1.139775    -0.739775     0.739775     1.139775
1.080321    -1.136663    -0.736663     0.736663     1.136663
1.082329    -1.133475    -0.733475     0.733475     1.133475
1.084337    -1.130209    -0.730209     0.730209     1.130209
1.086345    -1.126867    -0.726867     0.726867     1.126867
1.088353    -1.123448    -0.723448     0.723448     1.123448
1.090361    -1.119953    -0.719953     0.719953     1.119953
1.092369    -1.116381    -0.716381     0.716381     1.116381
1.094378    -1.112732    -0.712732     0.712732     1.112732
1.096386    -1.109008    -0.709008     0.709008     1.109008
1.098394    -1.105208    -0.705208     0.705208     1.105208
1.100402    -1.101332    -0.701332     0.701332     1.101332
1.102410    -1.097380    -0.697380     0.697380     1.097380
1.104418    -1.093353    -0.693353     0.693353     1.093353
1.106426    -1.089250    -0.689250     0.689250     1.089250
1.108434    -1.085072    -0.685072     0.685072     1.085072
1.110442    -1.080819    -0.680819     0.680819     1.080819
1.112450    -1.076492    -0.676492     0.676492     1.076492
1.114458    -1.072089    -0.672089     0.672089     1.072089
1.116466    -1.067613    -0.667613     0.667613     1.067613
1.118474    -1.063061    -0.663061     0.663061     1.063061
1.120482    -1.058436    -0.658436     0.658436     1.058436
1.122490    -1.053737    -0.653737     0.653737     1.053737
1.124498    -1.048964    -0.648964     0.648964     1.048964
1.126506    -1.044117    -0.644117     0.644117     1.044117
1.128514    -1.039197    -0.639197     0.639197     1.039197
1.130522    -1.034204    -0.634204     0.634204     1.034204
1.132530    -1.029138    -0.629138     0.629138     1.029138
1.134538    -1.023999    -0.623999     0.623999     1.023999
1.136546    -1.018787    -0.618787     0.618787     1.018787
1.138554    -1.013503    -0.613503     0.613503     1.013503
1.140562    -1.008147    -0.608147     0.608147     1.008147
1.142570    -1.002719    -0.602719     0.602719     1.002719
1.144578    -0.997219    -0.597219     0.597219     0.997219
1.146586    -0.991648    -0.591648     0.591648     0.991648
1.148594    -0.986005    -0.586005     0.586005     0.986005
1.150602    -0.980291    -0.580291     0.580291     0.980291
1.152610    -0.974507    -0.574507     0.574507     0.974507
1.154618    -0.968652    -0.568652     0.568652     0.968652
1.156627    -0.962726    -0.562726     0.562726     0.962726
1.158635    -0.956730    -0.556730     0.556730     0.956730
1.160643    -0.950665    -0.550665     0.550665     0.950665
1.162651    -0.944529    -0.544529     0.544529     0.944529
1.164659    -0.938325    -0.538325     0.538325     0.938325
1.166667    -0.932051    -0.532051     0.532051     0.932051
1.168675    -0.925708    -0.525708     0.525708     0.925708
1.170683    -0.919296    -0.519296     0.519296     0.919296
1.172691    -0.912817    -0.512817     0.512817     0.912817
1.174699    -0.906268    -0.506268     0.506268     0.906268
1.176707    -0.899652    -0.499652     0.499652     0.899652
1.178715    -0.892969    -0.492969     0.492969     0.892969
1.180723    -0.886218    -0.486218     0.486218     0.886218
1.182731    -0.879400    -0.479400     0.479400     0.879400
1.184739    -0.872515    -0.472515     0.472515     0.872515
1.186747    -0.865563    -0.465563     0.465563     0.865563
1.188755    -0.858545    -0.458545     0.458545     0.858545
1.190763    -0.851462    -0.451462     0.451462     0.851462
1.192771    -0.844312    -0.444312     0.444312     0.844312
1.194779    -0.837097    -0.437097     0.437097     0.837097
1.196787    -0.829817    -0.429817     0.429817     0.829817
1.198795    -0.822472    -0.422472     0.422472     0.822472
1.200803    -0.815062    -0.415062     0.415062     0.815062
1.202811    -0.807589    -0.407589     0.407589     0.807589
1.204819    -0.800051    -0.400051     0.400051     0.800051
1.206827    -0.792449    -0.392449     0.392449     0.792449
1.208835    -0.784785    -0.384785     0.384785     0.784785
1.210843    -0.777057    -0.377057     0.377057     0.777057
1.212851    -0.769266    -0.369266     0.369266     0.769266
1.214859    -0.761413    -0.361413     0.361413     0.761413
1.216867    -0.753498    -0.353498     0.353498     0.753498
1.218876    -0.745521    -0.345521     0.345521     0.745521
1.220884    -0.737482    -0.337482     0.337482     0.737482
1.222892    -0.729382    -0.329382     0.329382     0.729382
1.224900    -0.721222    -0.321222     0.321222     0.721222
1.226908    -0.713000    -0.313000     0.313000     0.713000
1.228916    -0.704719    -0.304719     0.304719     0.704719
1.230924    -0.696378    -0.296378     0.296378     0.696378
1.232932    -0.687977    -0.287977     0.287977     0.687977
1.234940    -0.679517    -0.279517     0.279517     0.679517
1.236948    -0.670998    -0.270998     0.270998     0.670998
1.238956    -0.662421    -0.262421     0.262421     0.662421
1.240964    -0.653785    -0.253785     0.253785     0.653785
1.242972    -0.645091    -0.245091     0.245091     0.645091
1.244980    -0.636340    -0.236340     0.236340     0.636340
1.246988    -0.627532    -0.227532     0.227532     0.627532
1.248996    -0.618667    -0.218667     0.218667     0.618667
1.251004    -0.609746    -0.209746     0.209746     0.609746
1.253012    -0.600768    -0.200768     0.200768     0.600768
1.255020    -0.591735    -0.191735     0.191735     0.591735
1.257028    -0.582646    -0.182646     0.182646     0.582646
1.259036    -0.573503    -0.173503     0.173503     0.573503
1.261044    -0.564304    -0.164304     0.164304     0.564304
1.263052    -0.555052    -0.155052     0.155052     0.555052
1.265060    -0.545745    -0.145745     0.145745     0.545745
1.267068    -0.536385    -0.136385     0.136385     0.536385
1.269076    -0.526972    -0.126972     0.126972     0.526972
1.271084    -0.517505    -0.117505     0.117505     0.517505
1.273092    -0.507987    -0.107987     0.107987     0.507987
1.275100    -0.498416    -0.098416     0.098416     0.498416
1.277108    -0.488794    -0.088794     0.088794     0.488794
1.279116    -0.479120    -0.079120     0.079120     0.479120
1.281124    -0.469396    -0.069396     0.069396     0.469396
1.283133    -0.459621    -0.059621     0.059621     0.459621
1.285141    -0.449796    -0.049796     0.049796     0.449796
1.287149    -0.439921    -0.039921     0.039921     0.439921
1.289157    -0.429997    -0.029997     0.029997     0.429997
1.291165    -0.420024    -0.020024     0.020024     0.420024
1.293173    -0.410002    -0.010002     0.010002     0.410002
1.295181    -0.399932    -0.000068     0.000068     0.399932
1.297189    -0.389815    -0.010185     0.010185     0.389815
1.299197    -0.379650    -0.020350     0.020350     0.379650
1.301205    -0.369438    -0.030562     0.030562     0.369438
1.303213    -0.359179    -0.040821     0.040821     0.359179
1.305221    -0.348875    -0.051125     0.051125     0.348875
1.307229    -0.338524    -0.061476     0.061476     0.338524
1.309237    -0.328129    -0.071871     0.071871     0.328129
1.311245    -0.317688    -0.082312     0.082312     0.317688
1.313253    -0.307203    -0.092797     0.092797     0.307203
1.315261    -0.296674    -0.103326     0.103326     0.296674
1.317269    -0.286102    -0.113898     0.113898     0.286102
1.319277    -0.275486    -0.124514     0.124514     0.275486
1.321285    -0.264827    -0.135173     0.135173     0.264827
1.323293    -0.254126    -0.145874     0.145874     0.254126
1.325301    -0.243383    -0.156617     0.156617     0.243383
1.327309    -0.232598    -0.167402     0.167402     0.232598
1.329317    -0.221773    -0.178227     0.178227     0.221773
1.331325    -0.210907    -0.189093     0.189093     0.210907
1.333333    -0.200000    -0.200000     0.200000     0.200000
1.335329    -0.210881    -0.189119     0.189119     0.210881
1.337325    -0.221800    -0.178200     0.178200     0.221800
1.339321    -0.232758    -0.167242     0.167242     0.232758
1.341317    -0.243754    -0.156246     0.156246     0.243754
1.343313    -0.254788    -0.145212     0.145212     0.254788
1.345309    -0.265859    -0.134141     0.134141     0.265859
1.347305    -0.276966    -0.123034     0.123034     0.276966
1.349301    -0.288110    -0.111890     0.111890     0.288110
1.351297    -0.299290    -0.100710     0.100710     0.299290
1.353293    -0.310505    -0.089495     0.089495     0.310505
1.355289    -0.321755    -0.078245     0.078245     0.321755
1.357285    -0.333040    -0.066960     0.066960     0.333040
1.359281    -0.344358    -0.055642     0.055642     0.344358
1.361277    -0.355711    -0.044289     0.044289     0.355711
1.363273    -0.367096    -0.032904     0.032904     0.367096
1.365269    -0.378515    -0.021485     0.021485     0.378515
1.367265    -0.389965    -0.010035     0.010035     0.389965
1.369261    -0.401448    -0.001448     0.001448     0.401448
1.371257    -0.412962    -0.012962     0.012962     0.412962
1.373253    -0.424506    -0.024506     0.024506     0.424506
1.375250    -0.436082    -0.036082     0.036082     0.436082
1.377246    -0.447687    -0.047687     0.047687     0.447687
1.379242    -0.459322    -0.059322     0.059322     0.459322
1.381238    -0.470986    -0.070986     0.070986     0.470986
1.383234    -0.482679    -0.082679     0.082679     0.482679
1.385230    -0.494400    -0.094400     0.094400     0.494400
1.387226    -0.506148    -0.106148     0.106148     0.506148
1.389222    -0.517924    -0.117924     0.117924     0.517924
1.391218    -0.529727    -0.129727     0.129727     0.529727
1.393214    -0.541556    -0.141556     0.141556     0.541556
1.395210    -0.553411    -0.153411     0.153411     0.553411
1.397206    -0.565292    -0.165292     0.165292     0.565292
1.399202    -0.577197    -0.177197     0.177197     0.577197
1.401198    -0.589127    -0.189127     0.189127     0.589127
1.403194    -0.601081    -0.201081     0.201081     0.601081
1.405190    -0.613058    -0.213058     0.213058     0.613058
1.407186    -0.625059    -0.225059     0.225059     0.625059
1.409182    -0.637082    -0.237082     0.237082     0.637082
1.411178    -0.649127    -0.249127     0.249127     0.649127
1.413174    -0.661194    -0.261194     0.261194     0.661194
1.415170    -0.673282    -0.273282     0.273282     0.673282
1.417166    -0.685391    -0.285391     0.285391     0.685391
1.419162    -0.697520    -0.297520     0.297520     0.697520
1.421158    -0.709669    -0.309669     0.309669     0.709669
1.423154    -0.721837    -0.321837     0.321837     0.721837
1.425150    -0.734024    -0.334024     0.334024     0.734024
1.427146    -0.746229    -0.346229     0.346229     0.746229
1.429142    -0.758452    -0.358452     0.358452     0.758452
1.431138    -0.770693    -0.370693     0.370693     0.770693
1.433134    -0.782950    -0.382950     0.382950     0.782950
1.435130    -0.795224    -0.395224     0.395224     0.795224
1.437126    -0.807513    -0.407513     0.407513     0.807513
1.439122    -0.819818    -0.419818     0.419818     0.819818
1.441118    -0.832138    -0.432138     0.432138     0.832138
1.443114    -0.844473    -0.444473     0.444473     0.844473
1.445110    -0.856821    -0.456821     0.456821     0.856821
1.447106    -0.869183    -0.469183     0.469183     0.869183
1.449102    -0.881558    -0.481558     0.481558     0.881558
1.451098    -0.893946    -0.493946     0.493946     0.893946
1.453094    -0.906345    -0.506345     0.506345     0.906345
1.455090    -0.918756    -0.518756     0.518756     0.918756
1.457086    -0.931178    -0.531178     0.531178     0.931178
1.459082    -0.943611    -0.543611     0.543611     0.943611
1.461078    -0.956054    -0.556054     0.556054     0.956054
1.463074    -0.968506    -0.568506     0.568506     0.968506
1.465070    -0.980968    -0.580968     0.580968     0.980968
1.467066    -0.993438    -0.593438     0.593438     0.993438
1.469062    -1.005916    -0.605916     0.605916     1.005916
1.471058    -1.018402    -0.618402     0.618402     1.018402
1.473054    -1.030895    -0.630895     0.630895     1.030895
1.475050    -1.043394    -0.643394     0.643394     1.043394
1.477046    -1.055900    -0.655900     0.655900     1.055900
1.479042    -1.068412    -0.668412     0.668412     1.068412
1.481038    -1.080928    -0.680928     0.680928     1.080928
1.483034    -1.093450    -0.693450     0.693450     1.093450
1.485030    -1.105975    -0.705975     0.705975     1.105975
1.487026    -1.118504    -0.718504     0.718504     1.118504
1.489022    -1.131037    -0.731037     0.731037     1.131037
1.491018    -1.143572    -0.743572     0.743572     1.143572
1.493014    -1.156109    -0.756109     0.756109     1.156109
1.495010    -1.168648    -0.768648     0.768648     1.168648
1.497006    -1.181188    -0.781188     0.781188     1.181188
1.499002    -1.193729    -0.793729     0.793729     1.193729
1.500998    -1.206271    -0.806271     0.806271     1.206271
1.502994    -1.218812    -0.818812     0.818812     1.218812
1.504990    -1.231352    -0.831352     0.831352     1.231352
1.506986    -1.243891    -0.843891     0.843891     1.243891
1.508982    -1.256428    -0.856428     0.856428     1.256428
1.510978    -1.268963    -0.868963     0.868963     1.268963
1.512974    -1.281496    -0.881496     0.881496     1.281496
1.514970    -1.294025    -0.894025     0.894025     1.294025
1.516966    -1.306550    -0.906550     0.906550     1.306550
1.518962    -1.319072    -0.919072     0.919072     1.319072
1.520958    -1.331588    -0.931588     0.931588     1.331588
1.522954    -1.344100    -0.944100     0.944100     1.344100
1.524950    -1.356606    -0.956606     0.956606     1.356606
1.526946    -1.369105    -0.969105     0.969105     1.369105
1.528942    -1.381598    -0.981598     0.981598     1.381598
1.530938    -1.394084    -0.994084     0.994084     1.394084
1.532934    -1.406562    -1.006562     1.006562     1.406562
1.534930    -1.419032    -1.019032     1.019032     1.419032
1.536926    -1.431494    -1.031494     1.031494     1.431494
1.538922    -1.443946    -1.043946     1.043946     1.443946
1.540918    -1.456389    -1.056389     1.056389     1.456389
1.542914    -1.468822    -1.068822     1.068822     1.468822
1.544910    -1.481244    -1.081244     1.081244     1.481244
1.546906    -1.493655    -1.093655     1.093655     1.493655
1.548902    -1.506054    -1.106054     1.106054     1.506054
1.550898    -1.518442    -1.118442     1.118442     1.518442
1.552894    -1.530817    -1.130817     1.130817     1.530817
1.554890    -1.543179    -1.143179     1.143179     1.543179
1.556886    -1.555527    -1.155527     1.155527     1.555527
1.558882    -1.567862    -1.167862     1.167862     1.567862
1.560878    -1.580182    -1.180182     1.180182     1.580182
1.562874    -1.592487    -1.192487     1.192487     1.592487
1.564870    -1.604776    -1.204776     1.204776     1.604776
1.566866    -1.617050    -1.217050     1.217050     1.617050
1.568862    -1.629307    -1.229307     1.229307     1.629307
1.570858    -1.641548    -1.241548     1.241548     1.641548
1.572854    -1.653771    -1.253771     1.253771     1.653771
1.574850    -1.665976    -1.265976     1.265976     1.665976
1.576846    -1.678163    -1.278163     1.278163     1.678163
1.578842    -1.690331    -1.290331     1.290331     1.690331
1.580838    -1.702480    -1.302480     1.302480     1.702480
1.582834    -1.714609    -1.314609     1.314609     1.714609
1.584830    -1.726718    -1.326718     1.326718     1.726718
1.586826    -1.738806    -1.338806     1.338806     1.738806
1.588822    -1.750873    -1.350873     1.350873     1.750873
1.590818    -1.762918    -1.362918     1.362918     1.762918
1.592814    -1.774941    -1.374941     1.374941     1.774941
1.594810    -1.786942    -1.386942     1.386942     1.786942
1.596806    -1.798919    -1.398919     1.398919     1.798919
1.598802    -1.810873    -1.410873     1.410873     1.810873
1.600798    -1.822803    -1.422803     1.422803     1.822803
1.602794    -1.834708    -1.434708     1.434708     1.834708
1.604790    -1.846589    -1.446589     1.446589     1.846589
1.606786    -1.858444    -1.458444     1.458444     1.858444
1.608782    -1.870273    -1.470273     1.470273     1.870273
1.610778    -1.882076    -1.482076     1.482076     1.882076
1.612774    -1.893852    -1.493852     1.493852     1.893852
1.614770    -1.905600    -1.505600     1.505600     1.905600
1.616766    -1.917321    -1.517321     1.517321     1.917321
1.618762    -1.929014    -1.529014     1.529014     1.929014
1.620758    -1.940678    -1.540678     1.540678     1.940678
1.622754    -1.952313    -1.552313     1.552313     1.952313
1.624750    -1.963918    -1.563918     1.563918     1.963918
1.626747    -1.975494    -1.575494     1.575494     1.975494
1.628743    -1.987038    -1.587038     1.587038     1.987038
1.630739    -1.998552    -1.598552     1.598552     1.998552
1.632735    -2.010035    -1.610035     1.610035     2.010035
1.634731    -2.021485    -1.621485     1.621485     2.021485
1.636727    -2.032904    -1.632904     1.632904     2.032904
1.638723    -2.044289    -1.644289     1.644289     2.044289
1.640719    -2.055642    -1.655642     1.655642     2.055642
1.642715    -2.066960    -1.666960     1.666960     2.066960
1.644711    -2.078245    -1.678245     1.678245     2.078245
1.646707    -2.089495    -1.689495     1.689495     2.089495
1.648703    -2.100710    -1.700710     1.700710     2.100710
1.650699    -2.111890    -1.711890     1.711890     2.111890
1.652695    -2.123034    -1.723034     1.723034     2.123034
1.654691    -2.134141    -1.734141     1.734141     2.134141
1.656687    -2.145212    -1.745212     1.745212     2.145212
1.658683    -2.156246    -1.756246     1.756246     2.156246
1.660679    -2.167242    -1.767242     1.767242     2.167242
1.662675    -2.178200    -1.778200     1.778200     2.178200
1.664671    -2.189119    -1.789119     1.789119     2.189119
1.666667    -2.200000    -1.800000     1.800000     2.200000
1.668663    -2.210841    -1.810841     1.810841     2.210841
1.670659    -2.221643    -1.821643     1.821643     2.221643
1.672655    -2.232404    -1.832404     1.832404     2.232404
1.674651    -2.243125    -1.843125     1.843125     2.243125
1.676647    -2.253805    -1.853805     1.853805     2.253805
1.678643    -2.264443    -1.864443     1.864443     2.264443
1.680639    -2.275040    -1.875040     1.875040     2.275040
1.682635    -2.285594    -1.885594     1.885594     2.285594
1.684631    -2.296106    -1.896106     1.896106     2.296106
1.686627    -2.306574    -1.906574     1.906574     2.306574
1.688623    -2.316999    -1.916999     1.916999     2.316999
1.690619    -2.327380    -1.927380     1.927380     2.327380
1.692615    -2.337717    -1.937717     1.937717     2.337717
1.694611    -2.348009    -1.948009     1.948009     2.348009
1.696607    -2.358256    -1.958256     1.958256     2.358256
1.698603    -2.368457    -1.968457     1.968457     2.368457
1.700599    -2.378612    -1.978612     1.978612     2.378612
1.702595    -2.388721    -1.988721     1.988721     2.388721
1.704591    -2.398783    -1.998783     1.998783     2.398783
1.706587    -2.408799    -2.008799     2.008799     2.408799
1.708583    -2.418766    -2.018766     2.018766     2.418766
1.710579    -2.428686    -2.028686     2.028686     2.428686
1.712575    -2.438557    -2.038557     2.038557     2.438557
1.714571    -2.448380    -2.048380     2.048380     2.448380
1.716567    -2.458153    -2.058153     2.058153     2.458153
1.718563    -2.467877    -2.067877     2.067877     2.467877
1.720559    -2.477552    -2.077552     2.077552     2.477552
1.722555    -2.487176    -2.087176     2.087176     2.487176
1.724551    -2.496749    -2.096749     2.096749     2.496749
1.726547    -2.506271    -2.106271     2.106271     2.506271
1.728543    -2.515743    -2.115743     2.115743     2.515743
1.730539    -2.525162    -2.125162     2.125162     2.525162
1.732535    -2.534529    -2.134529     2.134529     2.534529
1.734531    -2.543844    -2.143844     2.143844     2.543844
1.736527    -2.553106    -2.153106     2.153106     2.553106
1.738523    -2.562314    -2.162314     2.162314     2.562314
1.740519    -2.571469    -2.171469     2.171469     2.571469
1.742515    -2.580571    -2.180571     2.180571     2.580571
1.744511    -2.589617    -2.189617     2.189617     2.589617
1.746507    -2.598610    -2.198610     2.198610     2.598610
1.748503    -2.607547    -2.207547     2.207547     2.607547
1.750499    -2.616429    -2.216429     2.216429     2.616429
1.752495    -2.625255    -2.225255     2.225255     2.625255
1.754491    -2.634025    -2.234025     2.234025     2.634025
1.756487    -2.642739    -2.242739     2.242739     2.642739
1.758483    -2.651396    -2.251396     2.251396     2.651396
1.760479    -2.659996    -2.259996     2.259996     2.659996
1.762475    -2.668539    -2.268539     2.268539     2.668539
1.764471    -2.677023    -2.277023     2.277023     2.677023
1.766467    -2.685450    -2.285450     2.285450     2.685450
1.768463    -2.693819    -2.293819     2.293819     2.693819
1.770459    -2.702128    -2.302128     2.302128     2.702128
1.772455    -2.710379    -2.310379     2.310379     2.710379
1.774451    -2.718570    -2.318570     2.318570     2.718570
1.776447    -2.726701    -2.326701     2.326701     2.726701
1.778443    -2.734773    -2.334773     2.334773     2.734773
1.780439    -2.742784    -2.342784     2.342784     2.742784
1.782435    -2.750734    -2.350734     2.350734     2.750734
1.784431    -2.758624    -2.358624     2.358624     2.758624
1.786427    -2.766452    -2.366452     2.366452     2.766452
1.788423    -2.774218    -2.374218     2.374218     2.774218
1.790419    -2.781923    -2.381923     2.381923     2.781923
1.792415    -2.789565    -2.389565     2.389565     2.789565
1.794411    -2.797145    -2.397145     2.397145     2.797145
1.796407    -2.804662    -2.404662     2.404662     2.804662
1.798403    -2.812116    -2.412116     2.412116     2.812116
1.800399    -2.819507    -2.419507     2.419507     2.819507
1.802395    -2.826834    -2.426834     2.426834     2.826834
1.804391    -2.834097    -2.434097     2.434097     2.834097
1.806387    -2.841296    -2.441296     2.441296     2.841296
1.808383    -2.848430    -2.448430     2.448430     2.848430
1.810379    -2.855499    -2.455499     2.455499     2.855499
1.812375    -2.862504    -2.462504     2.462504     2.862504
1.814371    -2.869443    -2.469443     2.469443     2.869443
1.816367    -2.876316    -2.476316     2.476316     2.876316
1.818363    -2.883123    -2.483123     2.483123     2.883123
1.820359    -2.889864    -2.489864     2.489864     2.889864
1.822355    -2.896539    -2.496539     2.496539     2.896539
1.824351    -2.903147    -2.503147     2.503147     2.903147
1.826347    -2.909688    -2.509688     2.509688     2.909688
1.828343    -2.916162    -2.516162     2.516162     2.916162
1.830339    -2.922568    -2.522568     2.522568     2.922568
1.832335    -2.928907    -2.528907     2.528907     2.928907
1.834331    -2.935178    -2.535178     2.535178     2.935178
1.836327    -2.941380    -2.541380     2.541380     2.941380
1.838323    -2.947514    -2.547514     2.547514     2.947514
1.840319    -2.953579    -2.553579     2.553579     2.953579
1.842315    -2.959575    -2.559575     2.559575     2.959575
1.844311    -2.965503    -2.565503     2.565503     2.965503
1.846307    -2.971360    -2.571360     2.571360     2.971360
1.848303    -2.977148    -2.577148     2.577148     2.977148
1.850299    -2.982866    -2.582866     2.582866     2.982866
1.852295    -2.988514    -2.588514     2.588514     2.988514
1.854291    -2.994092    -2.594092     2.594092     2.994092
1.856287    -2.999599    -2.599599     2.599599     2.999599
1.858283    -3.005036    -2.605036     2.605036     3.005036
1.860279    -3.010401    -2.610401     2.610401     3.010401
1.862275    -3.015695    -2.615695     2.615695     3.015695
1.864271    -3.020918    -2.620918     2.620918     3.020918
1.866267    -3.026069    -2.626069     2.626069     3.026069
1.868263    -3.031149    -2.631149     2.631149     3.031149
1.870259    -3.036156    -2.636156     2.636156     3.036156
1.872255    -3.041091    -2.641091     2.641091     3.041091
1.874251    -3.045954    -2.645954     2.645954     3.045954
1.876248    -3.050744    -2.650744     2.650744     3.050744
1.878244    -3.055462    -2.655462     2.655462     3.055462
1.880240    -3.060106    -2.660106     2.660106     3.060106
1.882236    -3.064678    -2.664678     2.664678     3.064678
1.884232    -3.069176    -2.669176     2.669176     3.069176
1.886228    -3.073600    -2.673600     2.673600     3.073600
1.888224    -3.077951    -2.677951     2.677951     3.077951
1.890220    -3.082228    -2.682228     2.682228     3.082228
1.892216    -3.086431    -2.686431     2.686431     3.086431
1.894212    -3.090560    -2.690560     2.690560     3.090560
1.896208    -3.094615    -2.694615     2.694615     3.094615
1.898204    -3.098595    -2.698595     2.698595     3.098595
1.900200    -3.102500    -2.702500     2.702500     3.102500
1.902196    -3.106331    -2.706331     2.706331     3.106331
1.904192    -3.110086    -2.710086     2.710086     3.110086
1.906188    -3.113767    -2.713767     2.713767     3.113767
1.908184    -3.117372    -2.717372     2.717372     3.117372
1.910180    -3.120902    -2.720902     2.720902     3.120902
1.912176    -3.124356    -2.724356     2.724356     3.124356
1.914172    -3.127735    -2.727735     2.727735     3.127735
1.916168    -3.131038    -2.731038     2.731038     3.131038
1.918164    -3.134265    -2.734265     2.734265     3.134265
1.920160    -3.137416    -2.737416     2.737416     3.137416
1.922156    -3.140490    -2.740490     2.740490     3.140490
1.924152    -3.143489    -2.743489     2.743489     3.143489
1.926148    -3.146411    -2.746411     2.746411     3.146411
1.928144    -3.149256    -2.749256     2.749256     3.149256
1.930140    -3.152025    -2.752025     2.752025     3.152025
1.932136    -3.154717    -2.754717     2.754717     3.154717
1.934132    -3.157332    -2.757332     2.757332     3.157332
1.936128    -3.159870    -2.759870     2.759870     3.159870
1.938124    -3.162331    -2.762331     2.762331     3.162331
1.940120    -3.164715    -2.764715     2.764715     3.164715
1.942116    -3.167022    -2.767022     2.767022     3.167022
1.944112    -3.169251    -2.769251     2.769251     3.169251
1.946108    -3.171403    -2.771403     2.771403     3.171403
1.948104    -3.173478    -2.773478     2.773478     3.173478
1.950100    -3.175475    -2.775475     2.775475     3.175475
1.952096    -3.177394    -2.777394     2.777394     3.177394
1.954092    -3.179235    -2.779235     2.779235     3.179235
1.956088    -3.180999    -2.780999     2.780999     3.180999
1.958084    -3.182684    -2.782684     2.782684     3.182684
1.960080    -3.184292    -2.784292     2.784292     3.184292
1.962076    -3.185822    -2.785822     2.785822     3.185822
1.964072    -3.187274    -2.787274     2.787274     3.187274
1.966068    -3.188647    -2.788647     2.788647     3.188647
1.968064    -3.189942    -2.789942     2.789942     3.189942
1.970060    -3.191159    -2.791159     2.791159     3.191159
1.972056    -3.192298    -2.792298     2.792298     3.192298
1.974052    -3.193358    -2.793358     2.793358     3.193358
1.976048    -3.194340    -2.794340     2.794340     3.194340
1.978044    -3.195244    -2.795244     2.795244     3.195244
1.980040    -3.196069    -2.796069     2.796069     3.196069
1.982036    -3.196816    -2.796816     2.796816     3.196816
1.984032    -3.197484    -2.797484     2.797484     3.197484
1.986028    -3.198074    -2.798074     2.798074     3.198074
1.988024    -3.198585    -2.798585     2.798585     3.198585
1.990020    -3.199017    -2.799017     2.799017     3.199017
1.992016    -3.199371    -2.799371     2.799371     3.199371
1.994012    -3.199646    -2.799646     2.799646     3.199646
1.996008    -3.199843    -2.799843     2.799843     3.199843
1.998004    -3.199961    -2.799961     2.799961     3.199961
2.000000    -3.200000    -2.800000     2.800000     3.200000
