0.000000    -3.000000    -3.000000     3.000000     3.000000
0.002002    -3.001710    -2.998218     2.998218     3.001710
0.004004    -3.003340    -2.996373     2.996373     3.003340
0.006006    -3.004888    -2.994466     2.994466     3.004888
0.008008    -3.006355    -2.992496     2.992496     3.006355
0.010010    -3.007740    -2.990464     2.990464     3.007740
0.012012    -3.009043    -2.988370     2.988370     3.009043
0.014014    -3.010265    -2.986212     2.986212     3.010265
0.016016    -3.011404    -2.983993     2.983993     3.011404
0.018018    -3.012462    -2.981711     2.981711     3.012462
0.020020    -3.013437    -2.979366     2.979366     3.013437
0.022022    -3.014330    -2.976959     2.976959     3.014330
0.024024    -3.015140    -2.974489     2.974489     3.015140
0.026026    -3.015868    -2.971957     2.971957     3.015868
0.028028    -3.016512    -2.969362     2.969362     3.016512
0.030030    -3.017075    -2.966705     2.966705     3.017075
0.032032    -3.017554    -2.963986     2.963986     3.017554
0.034034    -3.017950    -2.961204     2.961204     3.017950
0.036036    -3.018263    -2.958359     2.958359     3.018263
0.038038    -3.018492    -2.955453     2.955453     3.018492
0.040040    -3.018639    -2.952484     2.952484     3.018639
0.042042    -3.018702    -2.949453     2.949453     3.018702
0.044044    -3.018681    -2.946360     2.946360     3.018681
0.046046    -3.018577    -2.943204     2.943204     3.018577
0.048048    -3.018389    -2.939987     2.939987     3.018389
0.050050    -3.018118    -2.936707     2.936707     3.018118
0.052052    -3.017763    -2.933365     2.933365     3.017763
0.054054    -3.017324    -2.929961     2.929961     3.017324
0.056056    -3.016801    -2.926496     2.926496     3.016801
0.058058    -3.016194    -2.922968     2.922968     3.016194
0.060060    -3.015503    -2.919379     2.919379     3.015503
0.062062    -3.014728    -2.915728     2.915728     3.014728
0.064064    -3.013869    -2.912015     2.912015     3.013869
0.066066    -3.012926    -2.908240     2.908240     3.012926
0.068068    -3.011898    -2.904404     2.904404     3.011898
0.070070    -3.010787    -2.900507     2.900507     3.010787
0.072072    -3.009591    -2.896548     2.896548     3.009591
0.074074    -3.008311    -2.892528     2.892528     3.008311
0.076076    -3.006947    -2.888446     2.888446     3.006947
0.078078    -3.005499    -2.884304     2.884304     3.005499
0.080080    -3.003966    -2.880100     2.880100     3.003966
0.082082    -3.002349    -2.875835     2.875835     3.002349
0.084084    -3.000648    -2.871509     2.871509     3.000648
0.086086    -2.998863    -2.867123     2.867123     2.998863
0.088088    -2.996994    -2.862676     2.862676     2.996994
0.090090    -2.995040    -2.858168     2.858168     2.995040
0.092092    -2.993002    -2.853600     2.853600     2.993002
0.094094    -2.990880    -2.848971     2.848971     2.990880
0.096096    -2.988673    -2.844282     2.844282     2.988673
0.098098    -2.986383    -2.839533     2.839533     2.986383
0.100100    -2.984008    -2.834723     2.834723     2.984008
0.102102    -2.981550    -2.829854     2.829854     2.981550
0.104104    -2.979007    -2.824925     2.824925     2.979007
0.106106    -2.976381    -2.819936     2.819936     2.976381
0.108108    -2.973670    -2.814887     2.814887     2.973670
0.110110    -2.970876    -2.809779     2.809779     2.970876
0.112112    -2.967998    -2.804611     2.804611     2.967998
0.114114    -2.965036    -2.799385     2.799385     2.965036
0.116116    -2.961990    -2.794099     2.794099     2.961990
0.118118    -2.958861    -2.788754     2.788754     2.958861
0.120120    -2.955648    -2.783350     2.783350     2.955648
0.122122    -2.952352    -2.777887     2.777887     2.952352
0.124124    -2.948973    -2.772366     2.772366     2.948973
0.126126    -2.945510    -2.766786     2.766786     2.945510
0.128128    -2.941964    -2.761149     2.761149     2.941964
0.130130    -2.938335    -2.755452     2.755452     2.938335
0.132132    -2.934622    -2.749698     2.749698     2.934622
0.134134    -2.930827    -2.743886     2.743886     2.930827
0.136136    -2.926949    -2.738017     2.738017     2.926949
0.138138    -2.922989    -2.732089     2.732089     2.922989
0.140140    -2.918945    -2.726104     2.726104     2.918945
0.142142    -2.914820    -2.720063     2.720063     2.914820
0.144144    -2.910612    -2.713963     2.713963     2.910612
0.146146    -2.906321    -2.707807     2.707807     2.906321
0.148148    -2.901949    -2.701595     2.701595     2.901949
0.150150    -2.897494    -2.695325     2.695325     2.897494
0.152152    -2.892958    -2.688999     2.688999     2.892958
0.154154    -2.888340    -2.682617     2.682617     2.888340
0.156156    -2.883641    -2.676179     2.676179     2.883641
0.158158    -2.878860    -2.669685     2.669685     2.878860
0.160160    -2.873997    -2.663135     2.663135     2.873997
0.162162    -2.869054    -2.656530     2.656530     2.869054
0.164164    -2.864030    -2.649869     2.649869     2.864030
0.166166    -2.858925    -2.643153     2.643153     2.858925
0.168168    -2.853739    -2.636383     2.636383     2.853739
0.170170    -2.848473    -2.629557     2.629557     2.848473
0.172172    -2.843127    -2.622677     2.622677     2.843127
0.174174    -2.837700    -2.615742     2.615742     2.837700
0.176176    -2.832194    -2.608753     2.608753     2.832194
0.178178    -2.826608    -2.601710     2.601710     2.826608
0.180180    -2.820942    -2.594613     2.594613     2.820942
0.182182    -2.815197    -2.587462     2.587462     2.815197
0.184184    -2.809373    -2.580258     2.580258     2.809373
0.186186    -2.803470    -2.573001     2.573001     2.803470
0.188188    -2.797488    -2.565691     2.565691     2.797488
0.190190    -2.791428    -2.558328     2.558328     2.791428
0.192192    -2.785289    -2.550912     2.550912     2.785289
0.194194    -2.779072    -2.543444     2.543444     2.779072
0.196196    -2.772777    -2.535924     2.535924     2.772777
0.198198    -2.766405    -2.528352     2.528352     2.766405
0.200200    -2.759955    -2.520728     2.520728     2.759955
0.202202    -2.753428    -2.513052     2.513052     2.753428
0.204204    -2.746824    -2.505326     2.505326     2.746824
0.206206    -2.740143    -2.497548     2.497548     2.740143
0.208208    -2.733386    -2.489719     2.489719     2.733386
0.210210    -2.726552    -2.481839     2.481839     2.726552
0.212212    -2.719642    -2.473910     2.473910     2.719642
0.214214    -2.712657    -2.465930     2.465930     2.712657
0.216216    -2.705596    -2.457900     2.457900     2.705596
0.218218    -2.698460    -2.449820     2.449820     2.698460
0.220220    -2.691249    -2.441691     2.441691     2.691249
0.222222    -2.683964    -2.433512     2.433512     2.683964
0.224224    -2.676603    -2.425285     2.425285     2.676603
0.226226    -2.669169    -2.417008     2.417008     2.669169
0.228228    -2.661661    -2.408684     2.408684     2.661661
0.230230    -2.654079    -2.400311     2.400311     2.654079
0.232232    -2.646424    -2.391889     2.391889     2.646424
0.234234    -2.638696    -2.383420     2.383420     2.638696
0.236236    -2.630895    -2.374904     2.374904     2.630895
0.238238    -2.623022    -2.366340     2.366340     2.623022
0.240240    -2.615077    -2.357729     2.357729     2.615077
0.242242    -2.607059    -2.349071     2.349071     2.607059
0.244244    -2.598971    -2.340367     2.340367     2.598971
0.246246    -2.590811    -2.331616     2.331616     2.590811
0.248248    -2.582580    -2.322820     2.322820     2.582580
0.250250    -2.574279    -2.313977     2.313977     2.574279
0.252252    -2.565907    -2.305089     2.305089     2.565907
0.254254    -2.557466    -2.296156     2.296156     2.557466
0.256256    -2.548955    -2.287177     2.287177     2.548955
0.258258    -2.540375    -2.278154     2.278154     2.540375
0.260260    -2.531726    -2.269087     2.269087     2.531726
0.262262    -2.523008    -2.259975     2.259975     2.523008
0.264264    -2.514222    -2.250819     2.250819     2.514222
0.266266    -2.505369    -2.241619     2.241619     2.505369
0.268268    -2.496447    -2.232376     2.232376     2.496447
0.270270    -2.487459    -2.223090     2.223090     2.487459
0.272272    -2.478404    -2.213761     2.213761     2.478404
0.274274    -2.469283    -2.204389     2.204389     2.469283
0.276276    -2.460095    -2.194975     2.194975     2.460095
0.278278    -2.450842    -2.185518     2.185518     2.450842
0.280280    -2.441523    -2.176020     2.176020     2.441523
0.282282    -2.432140    -2.166480     2.166480     2.432140
0.284284    -2.422692    -2.156899     2.156899     2.422692
0.286286    -2.413180    -2.147277     2.147277     2.413180
0.288288    -2.403604    -2.137614     2.137614     2.403604
0.290290    -2.393965    -2.127911     2.127911     2.393965
0.292292    -2.384263    -2.118167     2.118167     2.384263
0.294294    -2.374499    -2.108384     2.108384     2.374499
0.296296    -2.364672    -2.098560     2.098560     2.364672
0.298298    -2.354784    -2.088698     2.088698     2.354784
0.300300    -2.344834    -2.078796     2.078796     2.344834
0.302302    -2.334824    -2.068856     2.068856     2.334824
0.304304    -2.324753    -2.058877     2.058877     2.324753
0.306306    -2.314622    -2.048859     2.048859     2.314622
0.308308    -2.304432    -2.038804     2.038804     2.304432
0.310310    -2.294182    -2.028711     2.028711     2.294182
0.312312    -2.283874    -2.018580     2.018580     2.283874
0.314314    -2.273508    -2.008413     2.008413     2.273508
0.316316    -2.263083    -1.998208     1.998208     2.263083
0.318318    -2.252602    -1.987967     1.987967     2.252602
0.320320    -2.242063    -1.977689     1.977689     2.242063
0.322322    -2.231469    -1.967376     1.967376     2.231469
0.324324    -2.220818    -1.957026     1.957026     2.220818
0.326326    -2.210112    -1.946641     1.946641     2.210112
0.328328    -2.199350    -1.936221     1.936221     2.199350
0.330330    -2.188535    -1.925766     1.925766     2.188535
0.332332    -2.177665    -1.915276     1.915276     2.177665
0.334334    -2.166742    -1.904752     1.904752     2.166742
0.336336    -2.155766    -1.894194     1.894194     2.155766
0.338338    -2.144737    -1.883601     1.883601     2.144737
0.340340    -2.133656    -1.872976     1.872976     2.133656
0.342342    -2.122524    -1.862316     1.862316     2.122524
0.344344    -2.111341    -1.851624     1.851624     2.111341
0.346346    -2.100107    -1.840899     1.840899     2.100107
0.348348    -2.088824    -1.830142     1.830142     2.088824
0.350350    -2.077491    -1.819352     1.819352     2.077491
0.352352    -2.066109    -1.808531     1.808531     2.066109
0.354354    -2.054679    -1.797677     1.797677     2.054679
0.356356    -2.043201    -1.786793     1.786793     2.043201
0.358358    -2.031676    -1.775877     1.775877     2.031676
0.360360    -2.020104    -1.764930     1.764930     2.020104
0.362362    -2.008486    -1.753952     1.753952     2.008486
0.364364    -1.996823    -1.742944     1.742944     1.996823
0.366366    -1.985114    -1.731906     1.731906     1.985114
0.368368    -1.973361    -1.720838     1.720838     1.973361
0.370370    -1.961565    -1.709741     1.709741     1.961565
0.372372    -1.949725    -1.698614     1.698614     1.949725
0.374374    -1.937843    -1.687458     1.687458     1.937843
0.376376    -1.925919    -1.676273     1.676273     1.925919
0.378378    -1.913953    -1.665059     1.665059     1.913953
0.380380    -1.901947    -1.653817     1.653817     1.901947
0.382382    -1.889900    -1.642547     1.642547     1.889900
0.384384    -1.877814    -1.631249     1.631249     1.877814
0.386386    -1.865689    -1.619923     1.619923     1.865689
0.388388    -1.853526    -1.608570     1.608570     1.853526
0.390390    -1.841325    -1.597190     1.597190     1.841325
0.392392    -1.829087    -1.585782     1.585782     1.829087
0.394394    -1.816814    -1.574348     1.574348     1.816814
0.396396    -1.804504    -1.562887     1.562887     1.804504
0.398398    -1.792160    -1.551400     1.551400     1.792160
0.400400    -1.779781    -1.539887     1.539887     1.779781
0.402402    -1.767369    -1.528348     1.528348     1.767369
0.404404    -1.754924    -1.516783     1.516783     1.754924
0.406406    -1.742447    -1.505193     1.505193     1.742447
0.408408    -1.729938    -1.493577     1.493577     1.729938
0.410410    -1.717399    -1.481936     1.481936     1.717399
0.412412    -1.704830    -1.470270     1.470270     1.704830
0.414414    -1.692232    -1.458580     1.458580     1.692232
0.416416    -1.679605    -1.446865     1.446865     1.679605
0.418418    -1.666951    -1.435126     1.435126     1.666951
0.420420    -1.654270    -1.423362     1.423362     1.654270
0.422422    -1.641562    -1.411575     1.411575     1.641562
0.424424    -1.628829    -1.399763     1.399763     1.628829
0.426426    -1.616072    -1.387928     1.387928     1.616072
0.428428    -1.603291    -1.376069     1.376069     1.603291
0.430430    -1.590487    -1.364187     1.364187     1.590487
0.432432    -1.577660    -1.352282     1.352282     1.577660
0.434434    -1.564813    -1.340354     1.340354     1.564813
0.436436    -1.551945    -1.328402     1.328402     1.551945
0.438438    -1.539057    -1.316428     1.316428     1.539057
0.440440    -1.526151    -1.304431     1.304431     1.526151
0.442442    -1.513226    -1.292412     1.292412     1.513226
0.444444    -1.500285    -1.280370     1.280370     1.500285
0.446446    -1.487328    -1.268306     1.268306     1.487328
0.448448    -1.474355    -1.256220     1.256220     1.474355
0.450450    -1.461368    -1.244112     1.244112     1.461368
0.452452    -1.448367    -1.231982     1.231982     1.448367
0.454454    -1.435355    -1.219829     1.219829     1.435355
0.456456    -1.422330    -1.207656     1.207656     1.422330
0.458458    -1.409295    -1.195460     1.195460     1.409295
0.460460    -1.396250    -1.183243     1.183243     1.396250
0.462462    -1.383197    -1.171005     1.171005     1.383197
0.464464    -1.370136    -1.158745     1.158745     1.370136
0.466466    -1.357068    -1.146464     1.146464     1.357068
0.468468    -1.343995    -1.134162     1.134162     1.343995
0.470470    -1.330916    -1.121839     1.121839     1.330916
0.472472    -1.317834    -1.109495     1.109495     1.317834
0.474474    -1.304750    -1.097129     1.097129     1.304750
0.476476    -1.291663    -1.084744     1.084744     1.291663
0.478478    -1.278576    -1.072337     1.072337     1.278576
0.480480    -1.265490    -1.059910     1.059910     1.265490
0.482482    -1.252404    -1.047463     1.047463     1.252404
0.484484    -1.239322    -1.034995     1.034995     1.239322
0.486486    -1.226242    -1.022507     1.022507     1.226242
0.488488    -1.213168    -1.009998     1.009998     1.213168
0.490490    -1.200099    -0.997470     0.997470     1.200099
0.492492    -1.187037    -0.984922     0.984922     1.187037
0.494494    -1.173983    -0.972354     0.972354     1.173983
0.496496    -1.160938    -0.959767     0.959767     1.160938
0.498498    -1.147902    -0.947161     0.947161     1.147902
0.500501    -1.134878    -0.934535     0.934535     1.134878
0.502503    -1.121867    -0.921890     0.921890     1.121867
0.504505    -1.108868    -0.909227     0.909227     1.108868
0.506507    -1.095884    -0.896545     0.896545     1.095884
0.508509    -1.082916    -0.883844     0.883844     1.082916
0.510511    -1.069964    -0.871126     0.871126     1.069964
0.512513    -1.057031    -0.858390     0.858390     1.057031
0.514515    -1.044116    -0.845637     0.845637     1.044116
0.516517    -1.031221    -0.832866     0.832866     1.031221
0.518519    -1.018347    -0.820079     0.820079     1.018347
0.520521    -1.005496    -0.807276     0.807276     1.005496
0.522523    -0.992668    -0.794457     0.794457     0.992668
0.524525    -0.979865    -0.781622     0.781622     0.979865
0.526527    -0.967087    -0.768773     0.768773     0.967087
0.528529    -0.954336    -0.755909     0.755909     0.954336
0.530531    -0.941614    -0.743032     0.743032     0.941614
0.532533    -0.928920    -0.730142     0.730142     0.928920
0.534535    -0.916257    -0.717239     0.717239     0.916257
0.536537    -0.903625    -0.704325     0.704325     0.903625
0.538539    -0.891026    -0.691399     0.691399     0.891026
0.540541    -0.878460    -0.678464     0.678464     0.878460
0.542543    -0.865930    -0.665520     0.665520     0.865930
0.544545    -0.853436    -0.652567     0.652567     0.853436
0.546547    -0.840979    -0.639607     0.639607     0.840979
0.548549    -0.828561    -0.626641     0.626641     0.828561
0.550551    -0.816184    -0.613669     0.613669     0.816184
0.552553    -0.803847    -0.600694     0.600694     0.803847
0.554555    -0.791553    -0.587717     0.587717     0.791553
0.556557    -0.779304    -0.574738     0.574738     0.779304
0.558559    -0.767099    -0.561760     0.561760     0.767099
0.560561    -0.754942    -0.548783     0.548783     0.754942
0.562563    -0.742833    -0.535810     0.535810     0.742833
0.564565    -0.730775    -0.522843     0.522843     0.730775
0.566567    -0.718768    -0.509882     0.509882     0.718768
0.568569    -0.706815    -0.496931     0.496931     0.706815
0.570571    -0.694917    -0.483991     0.483991     0.694917
0.572573    -0.683077    -0.471065     0.471065     0.683077
0.574575    -0.671296    -0.458155     0.458155     0.671296
0.576577    -0.659577    -0.445264     0.445264     0.659577
0.578579    -0.647922    -0.432395     0.432395     0.647922
0.580581    -0.636334    -0.419550     0.419550     0.636334
0.582583    -0.624815    -0.406732     0.406732     0.624815
0.584585    -0.613369    -0.393947     0.393947     0.613369
0.586587    -0.601998    -0.381196     0.381196     0.601998
0.588589    -0.590706    -0.368484     0.368484     0.590706
0.590591    -0.579497    -0.355816     0.355816     0.579497
0.592593    -0.568375    -0.343196     0.343196     0.568375
0.594595    -0.557345    -0.330629     0.330629     0.557345
0.596597    -0.546410    -0.318121     0.318121     0.546410
0.598599    -0.535578    -0.305678     0.305678     0.535578
0.600601    -0.524853    -0.293306     0.293306     0.524853
0.602603    -0.514243    -0.281013     0.281013     0.514243
0.604605    -0.503755    -0.268806     0.268806     0.503755
0.606607    -0.493396    -0.256695     0.256695     0.493396
0.608609    -0.483176    -0.244687     0.244687     0.483176
0.610611    -0.473105    -0.232794     0.232794     0.473105
0.612613    -0.463193    -0.221027     0.221027     0.463193
0.614615    -0.453455    -0.209399     0.209399     0.453455
0.616617    -0.443902    -0.197921     0.197921     0.443902
0.618619    -0.434551    -0.186610     0.186610     0.434551
0.620621    -0.425419    -0.175481     0.175481     0.425419
0.622623    -0.416526    -0.164553     0.164553     0.416526
0.624625    -0.407892    -0.153842     0.153842     0.407892
0.626627    -0.399543    -0.143371     0.143371     0.399543
0.628629    -0.391504    -0.133161     0.133161     0.391504
0.630631    -0.383805    -0.123233     0.123233     0.383805
0.632633    -0.376479    -0.113612     0.113612     0.376479
0.634635    -0.369562    -0.104322     0.104322     0.369562
0.636637    -0.363091    -0.095383     0.095383     0.363091
0.638639    -0.357110    -0.086819     0.086819     0.357110
0.640641    -0.351660    -0.078645     0.078645     0.351660
0.642643    -0.346789    -0.070875     0.070875     0.346789
0.644645    -0.342543    -0.063513     0.063513     0.342543
0.646647    -0.338967    -0.056554     0.056554     0.338967
0.648649    -0.336105    -0.049981     0.049981     0.336105
0.650651    -0.333997    -0.043767     0.043767     0.333997
0.652653    -0.332678    -0.037867     0.037867     0.332678
0.654655    -0.332172    -0.032226     0.032226     0.332172
0.656657    -0.332497    -0.026779     0.026779     0.332497
0.658659    -0.333659    -0.021454     0.021454     0.333659
0.660661    -0.335652    -0.016179     0.016179     0.335652
0.662663    -0.338460    -0.010885     0.010885     0.338460
0.664665    -0.342057    -0.005509     0.005509     0.342057
0.666667    -0.346410    -0.000000     0.000000     0.346410
0.668663    -0.346786    -0.005659     0.005659     0.346786
0.670659    -0.347903    -0.011482     0.011482     0.347903
0.672655    -0.349740    -0.017455     0.017455     0.349740
0.674651    -0.352274    -0.023563     0.023563     0.352274
0.676647    -0.355479    -0.029785     0.029785     0.355479
0.678643    -0.359327    -0.036102     0.036102     0.359327
0.680639    -0.363790    -0.042491     0.042491     0.363790
0.682635    -0.368839    -0.048931     0.048931     0.368839
0.684631    -0.374446    -0.055401     0.055401     0.374446
0.686627    -0.380580    -0.061880     0.061880     0.380580
0.688623    -0.387215    -0.068351     0.068351     0.387215
0.690619    -0.394323    -0.074795     0.074795     0.394323
0.692615    -0.401877    -0.081198     0.081198     0.401877
0.694611    -0.409853    -0.087546     0.087546     0.409853
0.696607    -0.418226    -0.093827     0.093827     0.418226
0.698603    -0.426972    -0.100031     0.100031     0.426972
0.700599    -0.436068    -0.106149     0.106149     0.436068
0.702595    -0.445493    -0.112174     0.112174     0.445493
0.704591    -0.455227    -0.118101     0.118101     0.455227
0.706587    -0.465249    -0.123926     0.123926     0.465249
0.708583    -0.475541    -0.129644     0.129644     0.475541
0.710579    -0.486084    -0.135255     0.135255     0.486084
0.712575    -0.496862    -0.140756     0.140756     0.496862
0.714571    -0.507859    -0.146146     0.146146     0.507859
0.716567    -0.519059    -0.151425     0.151425     0.519059
0.718563    -0.530447    -0.156595     0.156595     0.530447
0.720559    -0.542009    -0.161654     0.161654     0.542009
0.722555    -0.553734    -0.166604     0.166604     0.553734
0.724551    -0.565607    -0.171447     0.171447     0.565607
0.726547    -0.577619    -0.176184     0.176184     0.577619
0.728543    -0.589757    -0.180816     0.180816     0.589757
0.730539    -0.602011    -0.185344     0.185344     0.602011
0.732535    -0.614372    -0.189771     0.189771     0.614372
0.734531    -0.626830    -0.194098     0.194098     0.626830
0.736527    -0.639378    -0.198327     0.198327     0.639378
0.738523    -0.652006    -0.202459     0.202459     0.652006
0.740519    -0.664707    -0.206496     0.206496     0.664707
0.742515    -0.677475    -0.210440     0.210440     0.677475
0.744511    -0.690302    -0.214291     0.214291     0.690302
0.746507    -0.703181    -0.218053     0.218053     0.703181
0.748503    -0.716108    -0.221725     0.221725     0.716108
0.750499    -0.729076    -0.225309     0.225309     0.729076
0.752495    -0.742080    -0.228807     0.228807     0.742080
0.754491    -0.755115    -0.232220     0.232220     0.755115
0.756487    -0.768177    -0.235549     0.235549     0.768177
0.758483    -0.781261    -0.238794     0.238794     0.781261
0.760479    -0.794362    -0.241958     0.241958     0.794362
0.762475    -0.807477    -0.245042     0.245042     0.807477
0.764471    -0.820602    -0.248045     0.248045     0.820602
0.766467    -0.833734    -0.250969     0.250969     0.833734
0.768463    -0.846868    -0.253815     0.253815     0.846868
0.770459    -0.860003    -0.256583     0.256583     0.860003
0.772455    -0.873134    -0.259275     0.259275     0.873134
0.774451    -0.886260    -0.261891     0.261891     0.886260
0.776447    -0.899376    -0.264432     0.264432     0.899376
0.778443    -0.912482    -0.266899     0.266899     0.912482
0.780439    -0.925573    -0.269291     0.269291     0.925573
0.782435    -0.938648    -0.271611     0.271611     0.938648
0.784431    -0.951705    -0.273857     0.273857     0.951705
0.786427    -0.964741    -0.276032     0.276032     0.964741
0.788423    -0.977754    -0.278134     0.278134     0.977754
0.790419    -0.990743    -0.280166     0.280166     0.990743
0.792415    -1.003705    -0.282127     0.282127     1.003705
0.794411    -1.016638    -0.284018     0.284018     1.016638
0.796407    -1.029541    -0.285839     0.285839     1.029541
0.798403    -1.042412    -0.287591     0.287591     1.042412
0.800399    -1.055250    -0.289274     0.289274     1.055250
0.802395    -1.068053    -0.290889     0.290889     1.068053
0.804391    -1.080819    -0.292436     0.292436     1.080819
0.806387    -1.093546    -0.293915     0.293915     1.093546
0.808383    -1.106235    -0.295327     0.295327     1.106235
0.810379    -1.118882    -0.296672     0.296672     1.118882
0.812375    -1.131488    -0.297951     0.297951     1.131488
0.814371    -1.144050    -0.299164     0.299164     1.144050
0.816367    -1.156567    -0.300311     0.300311     1.156567
0.818363    -1.169038    -0.301393     0.301393     1.169038
0.820359    -1.181462    -0.302410     0.302410     1.181462
0.822355    -1.193838    -0.303362     0.303362     1.193838
0.824351    -1.206165    -0.304251     0.304251     1.206165
0.826347    -1.218442    -0.305075     0.305075     1.218442
0.828343    -1.230667    -0.305837     0.305837     1.230667
0.830339    -1.242840    -0.306535     0.306535     1.242840
0.832335    -1.254959    -0.307170     0.307170     1.254959
0.834331    -1.267024    -0.307744     0.307744     1.267024
0.836327    -1.279034    -0.308256     0.308256     1.279034
0.838323    -1.290987    -0.308706     0.308706     1.290987
0.840319    -1.302884    -0.309095     0.309095     1.302884
0.842315    -1.314722    -0.309424     0.309424     1.314722
0.844311    -1.326502    -0.309693     0.309693     1.326502
0.846307    -1.338222    -0.309902     0.309902     1.338222
0.848303    -1.349881    -0.310052     0.310052     1.349881
0.850299    -1.361479    -0.310143     0.310143     1.361479
0.852295    -1.373015    -0.310176     0.310176     1.373015
0.854291    -1.384489    -0.310151     0.310151     1.384489
0.856287    -1.395898    -0.310069     0.310069     1.395898
0.858283    -1.407244    -0.309930     0.309930     1.407244
0.860279    -1.418524    -0.309735     0.309735     1.418524
0.862275    -1.429739    -0.309484     0.309484     1.429739
0.864271    -1.440887    -0.309179     0.309179     1.440887
0.866267    -1.451968    -0.308818     0.308818     1.451968
0.868263    -1.462981    -0.308404     0.308404     1.462981
0.870259    -1.473925    -0.307937     0.307937     1.473925
0.872255    -1.484800    -0.307418     0.307418     1.484800
0.874251    -1.495606    -0.306846     0.306846     1.495606
0.876248    -1.506341    -0.306223     0.306223     1.506341
0.878244    -1.517005    -0.305550     0.305550     1.517005
0.880240    -1.527598    -0.304827     0.304827     1.527598
0.882236    -1.538118    -0.304055     0.304055     1.538118
0.884232    -1.548565    -0.303236     0.303236     1.548565
0.886228    -1.558939    -0.302369     0.302369     1.558939
0.888224    -1.569238    -0.301455     0.301455     1.569238
0.890220    -1.579464    -0.300496     0.300496     1.579464
0.892216    -1.589614    -0.299493     0.299493     1.589614
0.894212    -1.599688    -0.298446     0.298446     1.599688
0.896208    -1.609686    -0.297357     0.297357     1.609686
0.898204    -1.619607    -0.296227     0.296227     1.619607
0.900200    -1.629451    -0.295056     0.295056     1.629451
0.902196    -1.639217    -0.293846     0.293846     1.639217
0.904192    -1.648905    -0.292598     0.292598     1.648905
0.906188    -1.658514    -0.291314     0.291314     1.658514
0.908184    -1.668043    -0.289994     0.289994     1.668043
0.910180    -1.677493    -0.288640     0.288640     1.677493
0.912176    -1.686862    -0.287254     0.287254     1.686862
0.914172    -1.696151    -0.285837     0.285837     1.696151
0.916168    -1.705358    -0.284390     0.284390     1.705358
0.918164    -1.714484    -0.282916     0.282916     1.714484
0.920160    -1.723527    -0.281415     0.281415     1.723527
0.922156    -1.732488    -0.279890     0.279890     1.732488
0.924152    -1.741366    -0.278343     0.278343     1.741366
0.926148    -1.750160    -0.276774     0.276774     1.750160
0.928144    -1.758870    -0.275187     0.275187     1.758870
0.930140    -1.767496    -0.273584     0.273584     1.767496
0.932136    -1.776037    -0.271966     0.271966     1.776037
0.934132    -1.784492    -0.270336     0.270336     1.784492
0.936128    -1.792862    -0.268696     0.268696     1.792862
0.938124    -1.801146    -0.267049     0.267049     1.801146
0.940120    -1.809344    -0.265397     0.265397     1.809344
0.942116    -1.817454    -0.263743     0.263743     1.817454
0.944112    -1.825478    -0.262090     0.262090     1.825478
0.946108    -1.833414    -0.260440     0.260440     1.833414
0.948104    -1.841261    -0.258797     0.258797     1.841261
0.950100    -1.849021    -0.257164     0.257164     1.849021
0.952096    -1.856691    -0.255543     0.255543     1.856691
0.954092    -1.864273    -0.253939     0.253939     1.864273
0.956088    -1.871765    -0.252355     0.252355     1.871765
0.958084    -1.879167    -0.250794     0.250794     1.879167
0.960080    -1.886479    -0.249260     0.249260     1.886479
0.962076    -1.893700    -0.247757     0.247757     1.893700
0.964072    -1.900831    -0.246289     0.246289     1.900831
0.966068    -1.907871    -0.244860     0.244860     1.907871
0.968064    -1.914818    -0.243474     0.243474     1.914818
0.970060    -1.921675    -0.242136     0.242136     1.921675
0.972056    -1.928438    -0.240849     0.240849     1.928438
0.974052    -1.935110    -0.239620     0.239620     1.935110
0.976048    -1.941689    -0.238451     0.238451     1.941689
0.978044    -1.948174    -0.237348     0.237348     1.948174
0.980040    -1.954566    -0.236316     0.236316     1.954566
0.982036    -1.960865    -0.235359     0.235359     1.960865
0.984032    -1.967069    -0.234482     0.234482     1.967069
0.986028    -1.973180    -0.233690     0.233690     1.973180
0.988024    -1.979195    -0.232989     0.232989     1.979195
0.990020    -1.985116    -0.232382     0.232382     1.985116
0.992016    -1.990942    -0.231875     0.231875     1.990942
0.994012    -1.996673    -0.231473     0.231473     1.996673
0.996008    -2.002307    -0.231180     0.231180     2.002307
0.998004    -2.007846    -0.231001     0.231001     2.007846
1.000000    -2.013289    -0.230940     0.230940     2.013289
1.002008    -2.018668    -0.231003     0.231003     2.018668
1.004016    -2.023948    -0.231194     0.231194     2.023948
1.006024    -2.029131    -0.231518     0.231518     2.029131
1.008032    -2.034215    -0.231979     0.231979     2.034215
1.010040    -2.039201    -0.232579     0.232579     2.039201
1.012048    -2.044088    -0.233323     0.233323     2.044088
1.014056    -2.048876    -0.234213     0.234213     2.048876
1.016064    -2.053565    -0.235253     0.235253     2.053565
1.018072    -2.058154    -0.236444     0.236444     2.058154
1.020080    -2.062644    -0.237789     0.237789     2.062644
1.022088    -2.067034    -0.239289     0.239289     2.067034
1.024096    -2.071324    -0.240946     0.240946     2.071324
1.026104    -2.075514    -0.242762     0.242762     2.075514
1.028112    -2.079603    -0.244737     0.244737     2.079603
1.030120    -2.083592    -0.246871     0.246871     2.083592
1.032129    -2.087480    -0.249165     0.249165     2.087480
1.034137    -2.091267    -0.251619     0.251619     2.091267
1.036145    -2.094953    -0.254232     0.254232     2.094953
1.038153    -2.098538    -0.257004     0.257004     2.098538
1.040161    -2.102021    -0.259933     0.259933     2.102021
1.042169    -2.105403    -0.263019     0.263019     2.105403
1.044177    -2.108682    -0.266260     0.266260     2.108682
1.046185    -2.111860    -0.269655     0.269655     2.111860
1.048193    -2.114936    -0.273201     0.273201     2.114936
1.050201    -2.117909    -0.276898     0.276898     2.117909
1.052209    -2.120780    -0.280742     0.280742     2.120780
1.054217    -2.123549    -0.284733     0.284733     2.123549
1.056225    -2.126215    -0.288867     0.288867     2.126215
1.058233    -2.128778    -0.293141     0.293141     2.128778
1.060241    -2.131238    -0.297555     0.297555     2.131238
1.062249    -2.133595    -0.302105     0.302105     2.133595
1.064257    -2.135850    -0.306789     0.306789     2.135850
1.066265    -2.138000    -0.311604     0.311604     2.138000
1.068273    -2.140048    -0.316548     0.316548     2.140048
1.070281    -2.141992    -0.321617     0.321617     2.141992
1.072289    -2.143833    -0.326811     0.326811     2.143833
1.074297    -2.145570    -0.332125     0.332125     2.145570
1.076305    -2.147203    -0.337558     0.337558     2.147203
1.078313    -2.148733    -0.343107     0.343107     2.148733
1.080321    -2.150159    -0.348770     0.348770     2.150159
1.082329    -2.151480    -0.354544     0.354544     2.151480
1.084337    -2.152698    -0.360427     0.360427     2.152698
1.086345    -2.153812    -0.366416     0.366416     2.153812
1.088353    -2.154822    -0.372510     0.372510     2.154822
1.090361    -2.155727    -0.378705     0.378705     2.155727
1.092369    -2.156528    -0.385001     0.385001     2.156528
1.094378    -2.157225    -0.391394     0.391394     2.157225
1.096386    -2.157818    -0.397883     0.397883     2.157818
1.098394    -2.158306    -0.404466     0.404466     2.158306
1.100402    -2.158690    -0.411140     0.411140     2.158690
1.102410    -2.158970    -0.417904     0.417904     2.158970
1.104418    -2.159145    -0.424757     0.424757     2.159145
1.106426    -2.159216    -0.431695     0.431695     2.159216
1.108434    -2.159182    -0.438718     0.438718     2.159182
1.110442    -2.159044    -0.445823     0.445823     2.159044
1.112450    -2.158801    -0.453009     0.453009     2.158801
1.114458    -2.158454    -0.460275     0.460275     2.158454
1.116466    -2.158002    -0.467619     0.467619     2.158002
1.118474    -2.157446    -0.475039     0.475039     2.157446
1.120482    -2.156786    -0.482534     0.482534     2.156786
1.122490    -2.156021    -0.490102     0.490102     2.156021
1.124498    -2.155151    -0.497742     0.497742     2.155151
1.126506    -2.154178    -0.505453     0.505453     2.154178
1.128514    -2.153099    -0.513233     0.513233     2.153099
1.130522    -2.151917    -0.521082     0.521082     2.151917
1.132530    -2.150630    -0.528997     0.528997     2.150630
1.134538    -2.149239    -0.536978     0.536978     2.149239
1.136546    -2.147744    -0.545023     0.545023     2.147744
1.138554    -2.146145    -0.553132     0.553132     2.146145
1.140562    -2.144441    -0.561302     0.561302     2.144441
1.142570    -2.142634    -0.569534     0.569534     2.142634
1.144578    -2.140722    -0.577826     0.577826     2.140722
1.146586    -2.138707    -0.586176     0.586176     2.138707
1.148594    -2.136588    -0.594585     0.594585     2.136588
1.150602    -2.134365    -0.603050     0.603050     2.134365
1.152610    -2.132038    -0.611571     0.611571     2.132038
1.154618    -2.129608    -0.620147     0.620147     2.129608
1.156627    -2.127074    -0.628778     0.628778     2.127074
1.158635    -2.124437    -0.637461     0.637461     2.124437
1.160643    -2.121697    -0.646197     0.646197     2.121697
1.162651    -2.118854    -0.654984     0.654984     2.118854
1.164659    -2.115907    -0.663821     0.663821     2.115907
1.166667    -2.112857    -0.672708     0.672708     2.112857
1.168675    -2.109705    -0.681644     0.681644     2.109705
1.170683    -2.106450    -0.690628     0.690628     2.106450
1.172691    -2.103092    -0.699659     0.699659     2.103092
1.174699    -2.099632    -0.708737     0.708737     2.099632
1.176707    -2.096069    -0.717860     0.717860     2.096069
1.178715    -2.092404    -0.727028     0.727028     2.092404
1.180723    -2.088637    -0.736241     0.736241     2.088637
1.182731    -2.084768    -0.745496     0.745496     2.084768
1.184739    -2.080798    -0.754795     0.754795     2.080798
1.186747    -2.076726    -0.764135     0.764135     2.076726
1.188755    -2.072552    -0.773517     0.773517     2.072552
1.190763    -2.068277    -0.782939     0.782939     2.068277
1.192771    -2.063901    -0.792401     0.792401     2.063901
1.194779    -2.059424    -0.801902     0.801902     2.059424
1.196787    -2.054846    -0.811442     0.811442     2.054846
1.198795    -2.050168    -0.821020     0.821020     2.050168
1.200803    -2.045389    -0.830635     0.830635     2.045389
1.202811    -2.040510    -0.840286     0.840286     2.040510
1.204819    -2.035531    -0.849974     0.849974     2.035531
1.206827    -2.030452    -0.859697     0.859697     2.030452
1.208835    -2.025274    -0.869454     0.869454     2.025274
1.210843    -2.019996    -0.879245     0.879245     2.019996
1.212851    -2.014619    -0.889070     0.889070     2.014619
1.214859    -2.009143    -0.898928     0.898928     2.009143
1.216867    -2.003568    -0.908818     0.908818     2.003568
1.218876    -1.997895    -0.918739     0.918739     1.997895
1.220884    -1.992124    -0.928692     0.928692     1.992124
1.222892    -1.986254    -0.938675     0.938675     1.986254
1.224900    -1.980287    -0.948687     0.948687     1.980287
1.226908    -1.974222    -0.958729     0.958729     1.974222
1.228916    -1.968059    -0.968800     0.968800     1.968059
1.230924    -1.961800    -0.978898     0.978898     1.961800
1.232932    -1.955444    -0.989024     0.989024     1.955444
1.234940    -1.948992    -0.999177     0.999177     1.948992
1.236948    -1.942443    -1.009357     1.009357     1.942443
1.238956    -1.935798    -1.019562     1.019562     1.935798
1.240964    -1.929057    -1.029792     1.029792     1.929057
1.242972    -1.922221    -1.040047     1.040047     1.922221
1.244980    -1.915290    -1.050326     1.050326     1.915290
1.246988    -1.908265    -1.060628     1.060628     1.908265
1.248996    -1.901144    -1.070953     1.070953     1.901144
1.251004    -1.893930    -1.081301     1.081301     1.893930
1.253012    -1.886622    -1.091670     1.091670     1.886622
1.255020    -1.879220    -1.102061     1.102061     1.879220
1.257028    -1.871725    -1.112472     1.112472     1.871725
1.259036    -1.864137    -1.122903     1.122903     1.864137
1.261044    -1.856456    -1.133354     1.133354     1.856456
1.263052    -1.848684    -1.143823     1.143823     1.848684
1.265060    -1.840820    -1.154311     1.154311     1.840820
1.267068    -1.832864    -1.164817     1.164817     1.832864
1.269076    -1.824817    -1.175339     1.175339     1.824817
1.271084    -1.816680    -1.185878     1.185878     1.816680
1.273092    -1.808453    -1.196433     1.196433     1.808453
1.275100    -1.800136    -1.207003     1.207003     1.800136
1.277108    -1.791730    -1.217588     1.217588     1.791730
1.279116    -1.783236    -1.228187     1.228187     1.783236
1.281124    -1.774653    -1.238799     1.238799     1.774653
1.283133    -1.765982    -1.249423     1.249423     1.765982
1.285141    -1.757225    -1.260059     1.260059     1.757225
1.287149    -1.748381    -1.270707     1.270707     1.748381
1.289157    -1.739452    -1.281364     1.281364     1.739452
1.291165    -1.730438    -1.292030     1.292030     1.730438
1.293173    -1.721339    -1.302705     1.302705     1.721339
1.295181    -1.712158    -1.313386     1.313386     1.712158
1.297189    -1.702895    -1.324074     1.324074     1.702895
1.299197    -1.693551    -1.334766     1.334766     1.693551
1.301205    -1.684128    -1.345460     1.345460     1.684128
1.303213    -1.674627    -1.356156     1.356156     1.674627
1.305221    -1.665052    -1.366850     1.366850     1.665052
1.307229    -1.655404    -1.377540     1.377540     1.655404
1.309237    -1.645687    -1.388223     1.388223     1.645687
1.311245    -1.635906    -1.398892     1.398892     1.635906
1.313253    -1.626067    -1.409543     1.409543     1.626067
1.315261    -1.616179    -1.420166     1.420166     1.616179
1.317269    -1.606254    -1.430748     1.430748     1.606254
1.319277    -1.596313    -1.441269     1.441269     1.596313
1.321285    -1.586386    -1.451700     1.451700     1.586386
1.323293    -1.576525    -1.461987     1.461987     1.576525
1.325301    -1.566828    -1.472032     1.472032     1.566828
1.327309    -1.557490    -1.481642     1.481642     1.557490
1.329317    -1.548945    -1.490380     1.490380     1.548945
1.331325    -1.542239    -1.497203     1.497203     1.542239
1.333333    -1.539480    -1.500000     1.500000     1.539480
1.335329    -1.540548    -1.500028     1.500028     1.540548
1.337325    -1.543568    -1.498119     1.498119     1.543568
1.339321    -1.548027    -1.494792     1.494792     1.548027
1.341317    -1.553411    -1.490559     1.490559     1.553411
1.343313    -1.559376    -1.485765     1.485765     1.559376
1.345309    -1.565717    -1.480617     1.480617     1.565717
1.347305    -1.572312    -1.475237     1.475237     1.572312
1.349301    -1.579090    -1.469697     1.469697     1.579090
1.351297    -1.586004    -1.464046     1.464046     1.586004
1.353293    -1.593025    -1.458313     1.458313     1.593025
1.355289    -1.600133    -1.452519     1.452519     1.600133
1.357285    -1.607314    -1.446680     1.446680     1.607314
1.359281    -1.614558    -1.440806     1.440806     1.614558
1.361277    -1.621858    -1.434907     1.434907     1.621858
1.363273    -1.629207    -1.428988     1.428988     1.629207
1.365269    -1.636602    -1.423056     1.423056     1.636602
1.367265    -1.644038    -1.417115     1.417115     1.644038
1.369261    -1.651514    -1.411170     1.411170     1.651514
1.371257    -1.659025    -1.405224     1.405224     1.659025
1.373253    -1.666571    -1.399281     1.399281     1.666571
1.375250    -1.674150    -1.393342     1.393342     1.674150
1.377246    -1.681759    -1.387413     1.387413     1.681759
1.379242    -1.689399    -1.381494     1.381494     1.689399
1.381238    -1.697066    -1.375588     1.375588     1.697066
1.383234    -1.704761    -1.369699     1.369699     1.704761
1.385230    -1.712483    -1.363829     1.363829     1.712483
1.387226    -1.720229    -1.357979     1.357979     1.720229
1.389222    -1.728000    -1.352153     1.352153     1.728000
1.391218    -1.735795    -1.346352     1.346352     1.735795
1.393214    -1.743612    -1.340579     1.340579     1.743612
1.395210    -1.751451    -1.334837     1.334837     1.751451
1.397206    -1.759312    -1.329127     1.329127     1.759312
1.399202    -1.767193    -1.323452     1.323452     1.767193
1.401198    -1.775093    -1.317815     1.317815     1.775093
1.403194    -1.783013    -1.312217     1.312217     1.783013
1.405190    -1.790952    -1.306661     1.306661     1.790952
1.407186    -1.798908    -1.301149     1.301149     1.798908
1.409182    -1.806881    -1.295684     1.295684     1.806881
1.411178    -1.814871    -1.290268     1.290268     1.814871
1.413174    -1.822877    -1.284904     1.284904     1.822877
1.415170    -1.830898    -1.279593     1.279593     1.830898
1.417166    -1.838933    -1.274339     1.274339     1.838933
1.419162    -1.846983    -1.269144     1.269144     1.846983
1.421158    -1.855046    -1.264009     1.264009     1.855046
1.423154    -1.863122    -1.258939     1.258939     1.863122
1.425150    -1.871211    -1.253934     1.253934     1.871211
1.427146    -1.879311    -1.248998     1.248998     1.879311
1.429142    -1.887422    -1.244133     1.244133     1.887422
1.431138    -1.895544    -1.239342     1.239342     1.895544
1.433134    -1.903676    -1.234627     1.234627     1.903676
1.435130    -1.911817    -1.229991     1.229991     1.911817
1.437126    -1.919967    -1.225436     1.225436     1.919967
1.439122    -1.928126    -1.220965     1.220965     1.928126
1.441118    -1.936292    -1.216581     1.216581     1.936292
1.443114    -1.944465    -1.212285     1.212285     1.944465
1.445110    -1.952645    -1.208081     1.208081     1.952645
1.447106    -1.960832    -1.203971     1.203971     1.960832
1.449102    -1.969023    -1.199957     1.199957     1.969023
1.451098    -1.977220    -1.196043     1.196043     1.977220
1.453094    -1.985421    -1.192230     1.192230     1.985421
1.455090    -1.993626    -1.188522     1.188522     1.993626
1.457086    -2.001835    -1.184920     1.184920     2.001835
1.459082    -2.010046    -1.181428     1.181428     2.010046
1.461078    -2.018260    -1.178047     1.178047     2.018260
1.463074    -2.026475    -1.174780     1.174780     2.026475
1.465070    -2.034692    -1.171630     1.171630     2.034692
1.467066    -2.042910    -1.168599     1.168599     2.042910
1.469062    -2.051127    -1.165690     1.165690     2.051127
1.471058    -2.059344    -1.162904     1.162904     2.059344
1.473054    -2.067561    -1.160244     1.160244     2.067561
1.475050    -2.075776    -1.157712     1.157712     2.075776
1.477046    -2.083989    -1.155311     1.155311     2.083989
1.479042    -2.092200    -1.153043     1.153043     2.092200
1.481038    -2.100407    -1.150909     1.150909     2.100407
1.483034    -2.108612    -1.148913     1.148913     2.108612
1.485030    -2.116812    -1.147055     1.147055     2.116812
1.487026    -2.125008    -1.145338     1.145338     2.125008
1.489022    -2.133198    -1.143764     1.143764     2.133198
1.491018    -2.141384    -1.142334     1.142334     2.141384
1.493014    -2.149563    -1.141051     1.141051     2.149563
1.495010    -2.157735    -1.139916     1.139916     2.157735
1.497006    -2.165901    -1.138930     1.138930     2.165901
1.499002    -2.174059    -1.138096     1.138096     2.174059
1.500998    -2.182209    -1.137415     1.137415     2.182209
1.502994    -2.190351    -1.136887     1.136887     2.190351
1.504990    -2.198483    -1.136515     1.136515     2.198483
1.506986    -2.206606    -1.136300     1.136300     2.206606
1.508982    -2.214719    -1.136242     1.136242     2.214719
1.510978    -2.222822    -1.136343     1.136343     2.222822
1.512974    -2.230913    -1.136603     1.136603     2.230913
1.514970    -2.238993    -1.137024     1.137024     2.238993
1.516966    -2.247061    -1.137607     1.137607     2.247061
1.518962    -2.255117    -1.138351     1.138351     2.255117
1.520958    -2.263160    -1.139258     1.139258     2.263160
1.522954    -2.271189    -1.140329     1.140329     2.271189
1.524950    -2.279204    -1.141562     1.141562     2.279204
1.526946    -2.287205    -1.142959     1.142959     2.287205
1.528942    -2.295191    -1.144520     1.144520     2.295191
1.530938    -2.303162    -1.146245     1.146245     2.303162
1.532934    -2.311117    -1.148134     1.148134     2.311117
1.534930    -2.319056    -1.150186     1.150186     2.319056
1.536926    -2.326977    -1.152403     1.152403     2.326977
1.538922    -2.334882    -1.154782     1.154782     2.334882
1.540918    -2.342769    -1.157325     1.157325     2.342769
1.542914    -2.350638    -1.160030     1.160030     2.350638
1.544910    -2.358489    -1.162897     1.162897     2.358489
1.546906    -2.366320    -1.165925     1.165925     2.366320
1.548902    -2.374132    -1.169113     1.169113     2.374132
1.550898    -2.381924    -1.172461     1.172461     2.381924
1.552894    -2.389695    -1.175968     1.175968     2.389695
1.554890    -2.397446    -1.179633     1.179633     2.397446
1.556886    -2.405175    -1.183454     1.183454     2.405175
1.558882    -2.412883    -1.187431     1.187431     2.412883
1.560878    -2.420568    -1.191562     1.191562     2.420568
1.562874    -2.428231    -1.195846     1.195846     2.428231
1.564870    -2.435870    -1.200281     1.200281     2.435870
1.566866    -2.443487    -1.204867     1.204867     2.443487
1.568862    -2.451079    -1.209601     1.209601     2.451079
1.570858    -2.458647    -1.214483     1.214483     2.458647
1.572854    -2.466190    -1.219510     1.219510     2.466190
1.574850    -2.473707    -1.224682     1.224682     2.473707
1.576846    -2.481199    -1.229995     1.229995     2.481199
1.578842    -2.488665    -1.235449     1.235449     2.488665
1.580838    -2.496105    -1.241042     1.241042     2.496105
1.582834    -2.503517    -1.246771     1.246771     2.503517
1.584830    -2.510902    -1.252636     1.252636     2.510902
1.586826    -2.518260    -1.258633     1.258633     2.518260
1.588822    -2.525589    -1.264762     1.264762     2.525589
1.590818    -2.532889    -1.271020     1.271020     2.532889
1.592814    -2.540161    -1.277405     1.277405     2.540161
1.594810    -2.547403    -1.283915     1.283915     2.547403
1.596806    -2.554615    -1.290549     1.290549     2.554615
1.598802    -2.561797    -1.297303     1.297303     2.561797
1.600798    -2.568948    -1.304177     1.304177     2.568948
1.602794    -2.576068    -1.311167     1.311167     2.576068
1.604790    -2.583157    -1.318272     1.318272     2.583157
1.606786    -2.590214    -1.325490     1.325490     2.590214
1.608782    -2.597239    -1.332819     1.332819     2.597239
1.610778    -2.604231    -1.340256     1.340256     2.604231
1.612774    -2.611190    -1.347799     1.347799     2.611190
1.614770    -2.618115    -1.355447     1.355447     2.618115
1.616766    -2.625007    -1.363197     1.363197     2.625007
1.618762    -2.631865    -1.371046     1.371046     2.631865
1.620758    -2.638688    -1.378994     1.378994     2.638688
1.622754    -2.645476    -1.387037     1.387037     2.645476
1.624750    -2.652229    -1.395174     1.395174     2.652229
1.626747    -2.658946    -1.403402     1.403402     2.658946
1.628743    -2.665627    -1.411719     1.411719     2.665627
1.630739    -2.672271    -1.420124     1.420124     2.672271
1.632735    -2.678879    -1.428614     1.428614     2.678879
1.634731    -2.685450    -1.437187     1.437187     2.685450
1.636727    -2.691983    -1.445841     1.445841     2.691983
1.638723    -2.698478    -1.454575     1.454575     2.698478
1.640719    -2.704935    -1.463385     1.463385     2.704935
1.642715    -2.711353    -1.472270     1.472270     2.711353
1.644711    -2.717733    -1.481228     1.481228     2.717733
1.646707    -2.724073    -1.490257     1.490257     2.724073
1.648703    -2.730373    -1.499355     1.499355     2.730373
1.650699    -2.736633    -1.508520     1.508520     2.736633
1.652695    -2.742853    -1.517750     1.517750     2.742853
1.654691    -2.749032    -1.527044     1.527044     2.749032
1.656687    -2.755171    -1.536398     1.536398     2.755171
1.658683    -2.761267    -1.545812     1.545812     2.761267
1.660679    -2.767322    -1.555284     1.555284     2.767322
1.662675    -2.773335    -1.564811     1.564811     2.773335
1.664671    -2.779306    -1.574393     1.574393     2.779306
1.666667    -2.785234    -1.584026     1.584026     2.785234
1.668663    -2.791119    -1.593710     1.593710     2.791119
1.670659    -2.796960    -1.603442     1.603442     2.796960
1.672655    -2.802758    -1.613221     1.613221     2.802758
1.674651    -2.808512    -1.623045     1.623045     2.808512
1.676647    -2.814221    -1.632912     1.632912     2.814221
1.678643    -2.819886    -1.642821     1.642821     2.819886
1.680639    -2.825506    -1.652770     1.652770     2.825506
1.682635    -2.831081    -1.662757     1.662757     2.831081
1.684631    -2.836610    -1.672781     1.672781     2.836610
1.686627    -2.842093    -1.682840     1.682840     2.842093
1.688623    -2.847530    -1.692933     1.692933     2.847530
1.690619    -2.852920    -1.703057     1.703057     2.852920
1.692615    -2.858264    -1.713212     1.713212     2.858264
1.694611    -2.863561    -1.723396     1.723396     2.863561
1.696607    -2.868810    -1.733607     1.733607     2.868810
1.698603    -2.874012    -1.743844     1.743844     2.874012
1.700599    -2.879165    -1.754106     1.754106     2.879165
1.702595    -2.884271    -1.764390     1.764390     2.884271
1.704591    -2.889328    -1.774696     1.774696     2.889328
1.706587    -2.894336    -1.785022     1.785022     2.894336
1.708583    -2.899295    -1.795366     1.795366     2.899295
1.710579    -2.904204    -1.805728     1.805728     2.904204
1.712575    -2.909064    -1.816105     1.816105     2.909064
1.714571    -2.913875    -1.826498     1.826498     2.913875
1.716567    -2.918635    -1.836903     1.836903     2.918635
1.718563    -2.923344    -1.847320     1.847320     2.923344
1.720559    -2.928003    -1.857748     1.857748     2.928003
1.722555    -2.932611    -1.868185     1.868185     2.932611
1.724551    -2.937168    -1.878630     1.878630     2.937168
1.726547    -2.941673    -1.889082     1.889082     2.941673
1.728543    -2.946126    -1.899539     1.899539     2.946126
1.730539    -2.950528    -1.910001     1.910001     2.950528
1.732535    -2.954877    -1.920466     1.920466     2.954877
1.734531    -2.959174    -1.930932     1.930932     2.959174
1.736527    -2.963418    -1.941399     1.941399     2.963418
1.738523    -2.967609    -1.951866     1.951866     2.967609
1.740519    -2.971747    -1.962331     1.962331     2.971747
1.742515    -2.975831    -1.972794     1.972794     2.975831
1.744511    -2.979862    -1.983252     1.983252     2.979862
1.746507    -2.983839    -1.993706     1.993706     2.983839
1.748503    -2.987762    -2.004153     2.004153     2.987762
1.750499    -2.991630    -2.014594     2.014594     2.991630
1.752495    -2.995444    -2.025026     2.025026     2.995444
1.754491    -2.999203    -2.035448     2.035448     2.999203
1.756487    -3.002907    -2.045860     2.045860     3.002907
1.758483    -3.006556    -2.056261     2.056261     3.006556
1.760479    -3.010149    -2.066650     2.066650     3.010149
1.762475    -3.013687    -2.077025     2.077025     3.013687
1.764471    -3.017169    -2.087385     2.087385     3.017169
1.766467    -3.020594    -2.097730     2.097730     3.020594
1.768463    -3.023964    -2.108059     2.108059     3.023964
1.770459    -3.027277    -2.118370     2.118370     3.027277
1.772455    -3.030533    -2.128663     2.128663     3.030533
1.774451    -3.033733    -2.138937     2.138937     3.033733
1.776447    -3.036875    -2.149190     2.149190     3.036875
1.778443    -3.039960    -2.159423     2.159423     3.039960
1.780439    -3.042988    -2.169633     2.169633     3.042988
1.782435    -3.045958    -2.179820     2.179820     3.045958
1.784431    -3.048871    -2.189984     2.189984     3.048871
1.786427    -3.051725    -2.200122     2.200122     3.051725
1.788423    -3.054521    -2.210236     2.210236     3.054521
1.790419    -3.057259    -2.220322     2.220322     3.057259
1.792415    -3.059939    -2.230382     2.230382     3.059939
1.794411    -3.062559    -2.240413     2.240413     3.062559
1.796407    -3.065121    -2.250415     2.250415     3.065121
1.798403    -3.067624    -2.260387     2.260387     3.067624
1.800399    -3.070068    -2.270329     2.270329     3.070068
1.802395    -3.072453    -2.280239     2.280239     3.072453
1.804391    -3.074778    -2.290117     2.290117     3.074778
1.806387    -3.077043    -2.299961     2.299961     3.077043
1.808383    -3.079248    -2.309772     2.309772     3.079248
1.810379    -3.081394    -2.319549     2.319549     3.081394
1.812375    -3.083480    -2.329289     2.329289     3.083480
1.814371    -3.085505    -2.338994     2.338994     3.085505
1.816367    -3.087470    -2.348662     2.348662     3.087470
1.818363    -3.089375    -2.358292     2.358292     3.089375
1.820359    -3.091219    -2.367884     2.367884     3.091219
1.822355    -3.093002    -2.377437     2.377437     3.093002
1.824351    -3.094724    -2.386949     2.386949     3.094724
1.826347    -3.096386    -2.396422     2.396422     3.096386
1.828343    -3.097986    -2.405853     2.405853     3.097986
1.830339    -3.099525    -2.415242     2.415242     3.099525
1.832335    -3.101003    -2.424588     2.424588     3.101003
1.834331    -3.102419    -2.433891     2.433891     3.102419
1.836327    -3.103773    -2.443150     2.443150     3.103773
1.838323    -3.105066    -2.452364     2.452364     3.105066
1.840319    -3.106297    -2.461533     2.461533     3.106297
1.842315    -3.107466    -2.470656     2.470656     3.107466
1.844311    -3.108573    -2.479732     2.479732     3.108573
1.846307    -3.109618    -2.488761     2.488761     3.109618
1.848303    -3.110601    -2.497742     2.497742     3.110601
1.850299    -3.111522    -2.506674     2.506674     3.111522
1.852295    -3.112380    -2.515557     2.515557     3.112380
1.854291    -3.113175    -2.524391     2.524391     3.113175
1.856287    -3.113909    -2.533174     2.533174     3.113909
1.858283    -3.114579    -2.541905     2.541905     3.114579
1.860279    -3.115187    -2.550585     2.550585     3.115187
1.862275    -3.115732    -2.559213     2.559213     3.115732
1.864271    -3.116214    -2.567788     2.567788     3.116214
1.866267    -3.116633    -2.576310     2.576310     3.116633
1.868263    -3.116989    -2.584778     2.584778     3.116989
1.870259    -3.117282    -2.593191     2.593191     3.117282
1.872255    -3.117511    -2.601549     2.601549     3.117511
1.874251    -3.117678    -2.609851     2.609851     3.117678
1.876248    -3.117781    -2.618097     2.618097     3.117781
1.878244    -3.117821    -2.626286     2.626286     3.117821
1.880240    -3.117798    -2.634418     2.634418     3.117798
1.882236    -3.117711    -2.642492     2.642492     3.117711
1.884232    -3.117561    -2.650508     2.650508     3.117561
1.886228    -3.117347    -2.658464     2.658464     3.117347
1.888224    -3.117069    -2.666362     2.666362     3.117069
1.890220    -3.116728    -2.674199     2.674199     3.116728
1.892216    -3.116324    -2.681976     2.681976     3.116324
1.894212    -3.115855    -2.689691     2.689691     3.115855
1.896208    -3.115323    -2.697346     2.697346     3.115323
1.898204    -3.114727    -2.704938     2.704938     3.114727
1.900200    -3.114068    -2.712468     2.712468     3.114068
1.902196    -3.113345    -2.719935     2.719935     3.113345
1.904192    -3.112557    -2.727339     2.727339     3.112557
1.906188    -3.111707    -2.734678     2.734678     3.111707
1.908184    -3.110792    -2.741954     2.741954     3.110792
1.910180    -3.109813    -2.749164     2.749164     3.109813
1.912176    -3.108771    -2.756310     2.756310     3.108771
1.914172    -3.107664    -2.763389     2.763389     3.107664
1.916168    -3.106494    -2.770402     2.770402     3.106494
1.918164    -3.105260    -2.777349     2.777349     3.105260
1.920160    -3.103962    -2.784229     2.784229     3.103962
1.922156    -3.102600    -2.791041     2.791041     3.102600
1.924152    -3.101174    -2.797785     2.797785     3.101174
1.926148    -3.099684    -2.804461     2.804461     3.099684
1.928144    -3.098131    -2.811069     2.811069     3.098131
1.930140    -3.096514    -2.817607     2.817607     3.096514
1.932136    -3.094833    -2.824075     2.824075     3.094833
1.934132    -3.093088    -2.830474     2.830474     3.093088
1.936128    -3.091279    -2.836802     2.836802     3.091279
1.938124    -3.089407    -2.843059     2.843059     3.089407
1.940120    -3.087470    -2.849245     2.849245     3.087470
1.942116    -3.085471    -2.855360     2.855360     3.085471
1.944112    -3.083407    -2.861403     2.861403     3.083407
1.946108    -3.081280    -2.867373     2.867373     3.081280
1.948104    -3.079089    -2.873271     2.873271     3.079089
1.950100    -3.076835    -2.879095     2.879095     3.076835
1.952096    -3.074517    -2.884847     2.884847     3.074517
1.954092    -3.072136    -2.890524     2.890524     3.072136
1.956088    -3.069691    -2.896128     2.896128     3.069691
1.958084    -3.067183    -2.901657     2.901657     3.067183
1.960080    -3.064612    -2.907111     2.907111     3.064612
1.962076    -3.061978    -2.912490     2.912490     3.061978
1.964072    -3.059280    -2.917794     2.917794     3.059280
1.966068    -3.056519    -2.923022     2.923022     3.056519
1.968064    -3.053695    -2.928173     2.928173     3.053695
1.970060    -3.050808    -2.933248     2.933248     3.050808
1.972056    -3.047859    -2.938247     2.938247     3.047859
1.974052    -3.044846    -2.943168     2.943168     3.044846
1.976048    -3.041771    -2.948012     2.948012     3.041771
1.978044    -3.038633    -2.952779     2.952779     3.038633
1.980040    -3.035432    -2.957467     2.957467     3.035432
1.982036    -3.032169    -2.962077     2.962077     3.032169
1.984032    -3.028843    -2.966609     2.966609     3.028843
1.986028    -3.025455    -2.971062     2.971062     3.025455
1.988024    -3.022004    -2.975435     2.975435     3.022004
1.990020    -3.018492    -2.979729     2.979729     3.018492
1.992016    -3.014917    -2.983944     2.983944     3.014917
1.994012    -3.011281    -2.988079     2.988079     3.011281
1.996008    -3.007582    -2.992133     2.992133     3.007582
1.998004    -3.003822    -2.996107     2.996107     3.003822
2.000000    -3.000000    -3.000000     3.000000     3.000000
