0.000000    -2.804835     3.404835
0.001001    -2.804806     3.404782
0.002002    -2.804717     3.404622
0.003003    -2.804570     3.404357
0.004004    -2.804364     3.403985
0.005005    -2.804100     3.403506
0.006006    -2.803776     3.402922
0.007007    -2.803394     3.402231
0.008008    -2.802953     3.401435
0.009009    -2.802453     3.400532
0.010010    -2.801894     3.399523
0.011011    -2.801277     3.398408
0.012012    -2.800600     3.397187
0.013013    -2.799865     3.395861
0.014014    -2.799072     3.394429
0.015015    -2.798219     3.392891
0.016016    -2.797308     3.391247
0.017017    -2.796338     3.389498
0.018018    -2.795309     3.387644
0.019019    -2.794222     3.385685
0.020020    -2.793076     3.383620
0.021021    -2.791872     3.381450
0.022022    -2.790609     3.379176
0.023023    -2.789287     3.376797
0.024024    -2.787906     3.374313
0.025025    -2.786468     3.371725
0.026026    -2.784970     3.369033
0.027027    -2.783414     3.366236
0.028028    -2.781800     3.363336
0.029029    -2.780127     3.360332
0.030030    -2.778396     3.357224
0.031031    -2.776606     3.354013
0.032032    -2.774758     3.350699
0.033033    -2.772852     3.347282
0.034034    -2.770887     3.343762
0.035035    -2.768864     3.340139
0.036036    -2.766783     3.336415
0.037037    -2.764643     3.332588
0.038038    -2.762446     3.328659
0.039039    -2.760190     3.324629
0.040040    -2.757876     3.320497
0.041041    -2.755504     3.316265
0.042042    -2.753075     3.311931
0.043043    -2.750587     3.307497
0.044044    -2.748041     3.302963
0.045045    -2.745437     3.298328
0.046046    -2.742776     3.293594
0.047047    -2.740057     3.288760
0.048048    -2.737279     3.283827
0.049049    -2.734445     3.278796
0.050050    -2.731552     3.273665
0.051051    -2.728602     3.268437
0.052052    -2.725595     3.263110
0.053053    -2.722530     3.257686
0.054054    -2.719407     3.252165
0.055055    -2.716227     3.246547
0.056056    -2.712990     3.240832
0.057057    -2.709695     3.235021
0.058058    -2.706343     3.229114
0.059059    -2.702934     3.223111
0.060060    -2.699468     3.217014
0.061061    -2.695945     3.210821
0.062062    -2.692365     3.204534
0.063063    -2.688728     3.198153
0.064064    -2.685034     3.191678
0.065065    -2.681283     3.185110
0.066066    -2.677476     3.178450
0.067067    -2.673612     3.171696
0.068068    -2.669691     3.164851
0.069069    -2.665714     3.157914
0.070070    -2.661681     3.150886
0.071071    -2.657591     3.143766
0.072072    -2.653445     3.136557
0.073073    -2.649242     3.129257
0.074074    -2.644984     3.121868
0.075075    -2.640669     3.114390
0.076076    -2.636298     3.106823
0.077077    -2.631872     3.099168
0.078078    -2.627390     3.091426
0.079079    -2.622852     3.083596
0.080080    -2.618258     3.075679
0.081081    -2.613609     3.067676
0.082082    -2.608904     3.059587
0.083083    -2.604144     3.051413
0.084084    -2.599329     3.043153
0.085085    -2.594458     3.034810
0.086086    -2.589533     3.026382
0.087087    -2.584552     3.017871
0.088088    -2.579517     3.009277
0.089089    -2.574427     3.000601
0.090090    -2.569282     2.991843
0.091091    -2.564083     2.983003
0.092092    -2.558829     2.974083
0.093093    -2.553520     2.965082
0.094094    -2.548158     2.956001
0.095095    -2.542741     2.946842
0.096096    -2.537270     2.937603
0.097097    -2.531746     2.928286
0.098098    -2.526167     2.918892
0.099099    -2.520535     2.909420
0.100100    -2.514849     2.899872
0.101101    -2.509110     2.890248
0.102102    -2.503317     2.880548
0.103103    -2.497472     2.870774
0.104104    -2.491573     2.860925
0.105105    -2.485621     2.851003
0.106106    -2.479616     2.841007
0.107107    -2.473559     2.830939
0.108108    -2.467449     2.820799
0.109109    -2.461286     2.810587
0.110110    -2.455072     2.800305
0.111111    -2.448805     2.789952
0.112112    -2.442486     2.779530
0.113113    -2.436115     2.769038
0.114114    -2.429692     2.758479
0.115115    -2.423218     2.747851
0.116116    -2.416693     2.737156
0.117117    -2.410116     2.726394
0.118118    -2.403488     2.715567
0.119119    -2.396809     2.704674
0.120120    -2.390079     2.693716
0.121121    -2.383298     2.682694
0.122122    -2.376467     2.671609
0.123123    -2.369585     2.660461
0.124124    -2.362654     2.649250
0.125125    -2.355672     2.637978
0.126126    -2.348640     2.626645
0.127127    -2.341559     2.615251
0.128128    -2.334428     2.603798
0.129129    -2.327248     2.592285
0.130130    -2.320019     2.580715
0.131131    -2.312740     2.569086
0.132132    -2.305413     2.557400
0.133133    -2.298037     2.545658
0.134134    -2.290613     2.533860
0.135135    -2.283141     2.522007
0.136136    -2.275620     2.510099
0.137137    -2.268052     2.498138
0.138138    -2.260435     2.486123
0.139139    -2.252772     2.474056
0.140140    -2.245061     2.461937
0.141141    -2.237303     2.449766
0.142142    -2.229498     2.437546
0.143143    -2.221646     2.425275
0.144144    -2.213748     2.412955
0.145145    -2.205804     2.400587
0.146146    -2.197813     2.388171
0.147147    -2.189777     2.375708
0.148148    -2.181696     2.363198
0.149149    -2.173568     2.350643
0.150150    -2.165396     2.338043
0.151151    -2.157179     2.325398
0.152152    -2.148917     2.312709
0.153153    -2.140611     2.299978
0.154154    -2.132260     2.287204
0.155155    -2.123865     2.274389
0.156156    -2.115427     2.261532
0.157157    -2.106945     2.248636
0.158158    -2.098420     2.235700
0.159159    -2.089852     2.222725
0.160160    -2.081241     2.209712
0.161161    -2.072588     2.196662
0.162162    -2.063892     2.183575
0.163163    -2.055155     2.170451
0.164164    -2.046376     2.157293
0.165165    -2.037555     2.144100
0.166166    -2.028693     2.130873
0.167167    -2.019790     2.117613
0.168168    -2.010847     2.104320
0.169169    -2.001863     2.090996
0.170170    -1.992840     2.077640
0.171171    -1.983776     2.064254
0.172172    -1.974673     2.050839
0.173173    -1.965531     2.037394
0.174174    -1.956350     2.023922
0.175175    -1.947131     2.010422
0.176176    -1.937873     1.996895
0.177177    -1.928577     1.983342
0.178178    -1.919244     1.969764
0.179179    -1.909873     1.956161
0.180180    -1.900466     1.942534
0.181181    -1.891021     1.928884
0.182182    -1.881540     1.915212
0.183183    -1.872024     1.901518
0.184184    -1.862471     1.887802
0.185185    -1.852883     1.874067
0.186186    -1.843261     1.860312
0.187187    -1.833603     1.846538
0.188188    -1.823911     1.832746
0.189189    -1.814186     1.818937
0.190190    -1.804426     1.805111
0.191191    -1.794634     1.791269
0.192192    -1.784808     1.777412
0.193193    -1.774951     1.763541
0.194194    -1.765061     1.749656
0.195195    -1.755139     1.735757
0.196196    -1.745186     1.721847
0.197197    -1.735202     1.707925
0.198198    -1.725187     1.693992
0.199199    -1.715143     1.680050
0.200200    -1.705068     1.666098
0.201201    -1.694964     1.652137
0.202202    -1.684832     1.638169
0.203203    -1.674671     1.624193
0.204204    -1.664481     1.610212
0.205205    -1.654265     1.596224
0.206206    -1.644020     1.582232
0.207207    -1.633750     1.568236
0.208208    -1.623453     1.554236
0.209209    -1.613130     1.540234
0.210210    -1.602781     1.526230
0.211211    -1.592408     1.512225
0.212212    -1.582011     1.498220
0.213213    -1.571589     1.484215
0.214214    -1.561144     1.470212
0.215215    -1.550676     1.456210
0.216216    -1.540185     1.442211
0.217217    -1.529673     1.428216
0.218218    -1.519139     1.414225
0.219219    -1.508584     1.400240
0.220220    -1.498009     1.386260
0.221221    -1.487414     1.372286
0.222222    -1.476800     1.358321
0.223223    -1.466167     1.344363
0.224224    -1.455516     1.330415
0.225225    -1.444847     1.316476
0.226226    -1.434161     1.302548
0.227227    -1.423459     1.288632
0.228228    -1.412741     1.274727
0.229229    -1.402008     1.260836
0.230230    -1.391260     1.246959
0.231231    -1.380498     1.233097
0.232232    -1.369723     1.219250
0.233233    -1.358935     1.205420
0.234234    -1.348136     1.191607
0.235235    -1.337325     1.177812
0.236236    -1.326503     1.164036
0.237237    -1.315672     1.150280
0.238238    -1.304831     1.136545
0.239239    -1.293982     1.122832
0.240240    -1.283125     1.109141
0.241241    -1.272261     1.095474
0.242242    -1.261392     1.081831
0.243243    -1.250516     1.068213
0.244244    -1.239637     1.054622
0.245245    -1.228753     1.041058
0.246246    -1.217867     1.027523
0.247247    -1.206979     1.014016
0.248248    -1.196089     1.000540
0.249249    -1.185200     0.987095
0.250250    -1.174311     0.973683
0.251251    -1.163424     0.960304
0.252252    -1.152539     0.946959
0.253253    -1.141658     0.933650
0.254254    -1.130782     0.920377
0.255255    -1.119912     0.907143
0.256256    -1.109049     0.893947
0.257257    -1.098193     0.880791
0.258258    -1.087347     0.867677
0.259259    -1.076511     0.854605
0.260260    -1.065686     0.841577
0.261261    -1.054874     0.828594
0.262262    -1.044076     0.815658
0.263263    -1.033294     0.802769
0.264264    -1.022528     0.789930
0.265265    -1.011780     0.777142
0.266266    -1.001052     0.764405
0.267267    -0.990345     0.751723
0.268268    -0.979661     0.739095
0.269269    -0.969001     0.726525
0.270270    -0.958367     0.714013
0.271271    -0.947760     0.701561
0.272272    -0.937183     0.689172
0.273273    -0.926637     0.676846
0.274274    -0.916125     0.664586
0.275275    -0.905648     0.652394
0.276276    -0.895208     0.640272
0.277277    -0.884807     0.628222
0.278278    -0.874449     0.616246
0.279279    -0.864134     0.604347
0.280280    -0.853866     0.592527
0.281281    -0.843647     0.580788
0.282282    -0.833480     0.569133
0.283283    -0.823367     0.557565
0.284284    -0.813311     0.546086
0.285285    -0.803316     0.534700
0.286286    -0.793385     0.523410
0.287287    -0.783520     0.512218
0.288288    -0.773725     0.501129
0.289289    -0.764005     0.490145
0.290290    -0.754361     0.479270
0.291291    -0.744800     0.468509
0.292292    -0.735324     0.457865
0.293293    -0.725938     0.447342
0.294294    -0.716646     0.436945
0.295295    -0.707454     0.426678
0.296296    -0.698366     0.416547
0.297297    -0.689387     0.406556
0.298298    -0.680522     0.396710
0.299299    -0.671779     0.387016
0.300300    -0.663161     0.377478
0.301301    -0.654676     0.368103
0.302302    -0.646329     0.358897
0.303303    -0.638128     0.349867
0.304304    -0.630080     0.341020
0.305305    -0.622191     0.332362
0.306306    -0.614470     0.323901
0.307307    -0.606923     0.315645
0.308308    -0.599560     0.307601
0.309309    -0.592389     0.299778
0.310310    -0.585417     0.292184
0.311311    -0.578654     0.284827
0.312312    -0.572109     0.277717
0.313313    -0.565790     0.270862
0.314314    -0.559708     0.264272
0.315315    -0.553871     0.257955
0.316316    -0.548289     0.251920
0.317317    -0.542971     0.246177
0.318318    -0.537926     0.240735
0.319319    -0.533163     0.235603
0.320320    -0.528691     0.230788
0.321321    -0.524519     0.226300
0.322322    -0.520654     0.222145
0.323323    -0.517104     0.218332
0.324324    -0.513875     0.214867
0.325325    -0.510974     0.211755
0.326326    -0.508406     0.209002
0.327327    -0.506176     0.206612
0.328328    -0.504286     0.204588
0.329329    -0.502740     0.202933
0.330330    -0.501539     0.201647
0.331331    -0.500682     0.200730
0.332332    -0.500170     0.200182
0.333333    -0.500000     0.200000
0.334334    -0.500169     0.200181
0.335335    -0.500672     0.200720
0.336336    -0.501506     0.201611
0.337337    -0.502662     0.202849
0.338338    -0.504134     0.204425
0.339339    -0.505915     0.206332
0.340340    -0.507994     0.208561
0.341341    -0.510364     0.211101
0.342342    -0.513013     0.213943
0.343343    -0.515933     0.217075
0.344344    -0.519111     0.220488
0.345345    -0.522537     0.224170
0.346346    -0.526201     0.228108
0.347347    -0.530090     0.232293
0.348348    -0.534194     0.236713
0.349349    -0.538501     0.241355
0.350350    -0.543000     0.246209
0.351351    -0.547682     0.251264
0.352352    -0.552535     0.256509
0.353353    -0.557548     0.261933
0.354354    -0.562712     0.267526
0.355355    -0.568018     0.273277
0.356356    -0.573455     0.279178
0.357357    -0.579015     0.285219
0.358358    -0.584688     0.291390
0.359359    -0.590468     0.297684
0.360360    -0.596344     0.304091
0.361361    -0.602311     0.310605
0.362362    -0.608361     0.317216
0.363363    -0.614486     0.323918
0.364364    -0.620680     0.330705
0.365365    -0.626936     0.337568
0.366366    -0.633250     0.344503
0.367367    -0.639614     0.351502
0.368368    -0.646023     0.358560
0.369369    -0.652473     0.365672
0.370370    -0.658958     0.372832
0.371371    -0.665474     0.380036
0.372372    -0.672016     0.387278
0.373373    -0.678579     0.394554
0.374374    -0.685161     0.401860
0.375375    -0.691757     0.409191
0.376376    -0.698364     0.416544
0.377377    -0.704977     0.423915
0.378378    -0.711595     0.431300
0.379379    -0.718213     0.438696
0.380380    -0.724829     0.446100
0.381381    -0.731440     0.453507
0.382382    -0.738043     0.460917
0.383383    -0.744636     0.468325
0.384384    -0.751216     0.475728
0.385385    -0.757782     0.483125
0.386386    -0.764331     0.490513
0.387387    -0.770860     0.497889
0.388388    -0.777368     0.505251
0.389389    -0.783854     0.512596
0.390390    -0.790314     0.519924
0.391391    -0.796748     0.527231
0.392392    -0.803153     0.534515
0.393393    -0.809529     0.541775
0.394394    -0.815874     0.549009
0.395395    -0.822186     0.556216
0.396396    -0.828464     0.563392
0.397397    -0.834706     0.570538
0.398398    -0.840912     0.577651
0.399399    -0.847080     0.584729
0.400400    -0.853209     0.591772
0.401401    -0.859298     0.598777
0.402402    -0.865346     0.605744
0.403403    -0.871352     0.612671
0.404404    -0.877315     0.619557
0.405405    -0.883233     0.626401
0.406406    -0.889107     0.633201
0.407407    -0.894935     0.639956
0.408408    -0.900716     0.646665
0.409409    -0.906450     0.653327
0.410410    -0.912136     0.659941
0.411411    -0.917772     0.666506
0.412412    -0.923359     0.673020
0.413413    -0.928896     0.679484
0.414414    -0.934382     0.685895
0.415415    -0.939816     0.692253
0.416416    -0.945198     0.698558
0.417417    -0.950527     0.704807
0.418418    -0.955803     0.711001
0.419419    -0.961025     0.717138
0.420420    -0.966193     0.723218
0.421421    -0.971305     0.729240
0.422422    -0.976362     0.735203
0.423423    -0.981363     0.741106
0.424424    -0.986308     0.746948
0.425425    -0.991196     0.752730
0.426426    -0.996027     0.758450
0.427427    -1.000800     0.764107
0.428428    -1.005515     0.769701
0.429429    -1.010172     0.775231
0.430430    -1.014770     0.780696
0.431431    -1.019308     0.786096
0.432432    -1.023788     0.791431
0.433433    -1.028207     0.796699
0.434434    -1.032566     0.801901
0.435435    -1.036864     0.807034
0.436436    -1.041102     0.812100
0.437437    -1.045279     0.817097
0.438438    -1.049394     0.822025
0.439439    -1.053448     0.826884
0.440440    -1.057439     0.831672
0.441441    -1.061368     0.836389
0.442442    -1.065235     0.841035
0.443443    -1.069039     0.845610
0.444444    -1.072781     0.850113
0.445445    -1.076459     0.854543
0.446446    -1.080073     0.858899
0.447447    -1.083624     0.863183
0.448448    -1.087111     0.867393
0.449449    -1.090535     0.871528
0.450450    -1.093893     0.875589
0.451451    -1.097188     0.879574
0.452452    -1.100418     0.883485
0.453453    -1.103583     0.887319
0.454454    -1.106683     0.891077
0.455455    -1.109718     0.894759
0.456456    -1.112687     0.898363
0.457457    -1.115592     0.901891
0.458458    -1.118430     0.905341
0.459459    -1.121203     0.908713
0.460460    -1.123910     0.912006
0.461461    -1.126551     0.915222
0.462462    -1.129126     0.918358
0.463463    -1.131634     0.921415
0.464464    -1.134076     0.924393
0.465465    -1.136451     0.927292
0.466466    -1.138760     0.930110
0.467467    -1.141002     0.932848
0.468468    -1.143178     0.935506
0.469469    -1.145286     0.938083
0.470470    -1.147327     0.940579
0.471471    -1.149301     0.942995
0.472472    -1.151208     0.945328
0.473473    -1.153047     0.947581
0.474474    -1.154819     0.949751
0.475475    -1.156523     0.951840
0.476476    -1.158160     0.953846
0.477477    -1.159729     0.955771
0.478478    -1.161231     0.957613
0.479479    -1.162664     0.959372
0.480480    -1.164030     0.961048
0.481481    -1.165328     0.962642
0.482482    -1.166558     0.964152
0.483483    -1.167720     0.965579
0.484484    -1.168813     0.966923
0.485485    -1.169839     0.968184
0.486486    -1.170796     0.969361
0.487487    -1.171686     0.970454
0.488488    -1.172507     0.971464
0.489489    -1.173259     0.972389
0.490490    -1.173944     0.973231
0.491491    -1.174560     0.973989
0.492492    -1.175107     0.974663
0.493493    -1.175586     0.975253
0.494494    -1.175997     0.975758
0.495495    -1.176340     0.976179
0.496496    -1.176614     0.976517
0.497497    -1.176819     0.976770
0.498498    -1.176956     0.976938
0.499499    -1.177024     0.977022
0.500501    -1.177024     0.977022
0.501502    -1.176956     0.976938
0.502503    -1.176819     0.976770
0.503504    -1.176614     0.976517
0.504505    -1.176340     0.976179
0.505506    -1.175997     0.975758
0.506507    -1.175586     0.975253
0.507508    -1.175107     0.974663
0.508509    -1.174560     0.973989
0.509510    -1.173944     0.973231
0.510511    -1.173259     0.972389
0.511512    -1.172507     0.971464
0.512513    -1.171686     0.970454
0.513514    -1.170796     0.969361
0.514515    -1.169839     0.968184
0.515516    -1.168813     0.966923
0.516517    -1.167720     0.965579
0.517518    -1.166558     0.964152
0.518519    -1.165328     0.962642
0.519520    -1.164030     0.961048
0.520521    -1.162664     0.959372
0.521522    -1.161231     0.957613
0.522523    -1.159729     0.955771
0.523524    -1.158160     0.953846
0.524525    -1.156523     0.951840
0.525526    -1.154819     0.949751
0.526527    -1.153047     0.947581
0.527528    -1.151208     0.945328
0.528529    -1.149301     0.942995
0.529530    -1.147327     0.940579
0.530531    -1.145286     0.938083
0.531532    -1.143178     0.935506
0.532533    -1.141002     0.932848
0.533534    -1.138760     0.930110
0.534535    -1.136451     0.927292
0.535536    -1.134076     0.924393
0.536537    -1.131634     0.921415
0.537538    -1.129126     0.918358
0.538539    -1.126551     0.915222
0.539540    -1.123910     0.912006
0.540541    -1.121203     0.908713
0.541542    -1.118430     0.905341
0.542543    -1.115592     0.901891
0.543544    -1.112687     0.898363
0.544545    -1.109718     0.894759
0.545546    -1.106683     0.891077
0.546547    -1.103583     0.887319
0.547548    -1.100418     0.883485
0.548549    -1.097188     0.879574
0.549550    -1.093893     0.875589
0.550551    -1.090535     0.871528
0.551552    -1.087111     0.867393
0.552553    -1.083624     0.863183
0.553554    -1.080073     0.858899
0.554555    -1.076459     0.854543
0.555556    -1.072781     0.850113
0.556557    -1.069039     0.845610
0.557558    -1.065235     0.841035
0.558559    -1.061368     0.836389
0.559560    -1.057439     0.831672
0.560561    -1.053448     0.826884
0.561562    -1.049394     0.822025
0.562563    -1.045279     0.817097
0.563564    -1.041102     0.812100
0.564565    -1.036864     0.807034
0.565566    -1.032566     0.801901
0.566567    -1.028207     0.796699
0.567568    -1.023788     0.791431
0.568569    -1.019308     0.786096
0.569570    -1.014770     0.780696
0.570571    -1.010172     0.775231
0.571572    -1.005515     0.769701
0.572573    -1.000800     0.764107
0.573574    -0.996027     0.758450
0.574575    -0.991196     0.752730
0.575576    -0.986308     0.746948
0.576577    -0.981363     0.741106
0.577578    -0.976362     0.735203
0.578579    -0.971305     0.729240
0.579580    -0.966193     0.723218
0.580581    -0.961025     0.717138
0.581582    -0.955803     0.711001
0.582583    -0.950527     0.704807
0.583584    -0.945198     0.698558
0.584585    -0.939816     0.692253
0.585586    -0.934382     0.685895
0.586587    -0.928896     0.679484
0.587588    -0.923359     0.673020
0.588589    -0.917772     0.666506
0.589590    -0.912136     0.659941
0.590591    -0.906450     0.653327
0.591592    -0.900716     0.646665
0.592593    -0.894935     0.639956
0.593594    -0.889107     0.633201
0.594595    -0.883233     0.626401
0.595596    -0.877315     0.619557
0.596597    -0.871352     0.612671
0.597598    -0.865346     0.605744
0.598599    -0.859298     0.598777
0.599600    -0.853209     0.591772
0.600601    -0.847080     0.584729
0.601602    -0.840912     0.577651
0.602603    -0.834706     0.570538
0.603604    -0.828464     0.563392
0.604605    -0.822186     0.556216
0.605606    -0.815874     0.549009
0.606607    -0.809529     0.541775
0.607608    -0.803153     0.534515
0.608609    -0.796748     0.527231
0.609610    -0.790314     0.519924
0.610611    -0.783854     0.512596
0.611612    -0.777368     0.505251
0.612613    -0.770860     0.497889
0.613614    -0.764331     0.490513
0.614615    -0.757782     0.483125
0.615616    -0.751216     0.475728
0.616617    -0.744636     0.468325
0.617618    -0.738043     0.460917
0.618619    -0.731440     0.453507
0.619620    -0.724829     0.446100
0.620621    -0.718213     0.438696
0.621622    -0.711595     0.431300
0.622623    -0.704977     0.423915
0.623624    -0.698364     0.416544
0.624625    -0.691757     0.409191
0.625626    -0.685161     0.401860
0.626627    -0.678579     0.394554
0.627628    -0.672016     0.387278
0.628629    -0.665474     0.380036
0.629630    -0.658958     0.372832
0.630631    -0.652473     0.365672
0.631632    -0.646023     0.358560
0.632633    -0.639614     0.351502
0.633634    -0.633250     0.344503
0.634635    -0.626936     0.337568
0.635636    -0.620680     0.330705
0.636637    -0.614486     0.323918
0.637638    -0.608361     0.317216
0.638639    -0.602311     0.310605
0.639640    -0.596344     0.304091
0.640641    -0.590468     0.297684
0.641642    -0.584688     0.291390
0.642643    -0.579015     0.285219
0.643644    -0.573455     0.279178
0.644645    -0.568018     0.273277
0.645646    -0.562712     0.267526
0.646647    -0.557548     0.261933
0.647648    -0.552535     0.256509
0.648649    -0.547682     0.251264
0.649650    -0.543000     0.246209
0.650651    -0.538501     0.241355
0.651652    -0.534194     0.236713
0.652653    -0.530090     0.232293
0.653654    -0.526201     0.228108
0.654655    -0.522537     0.224170
0.655656    -0.519111     0.220488
0.656657    -0.515933     0.217075
0.657658    -0.513013     0.213943
0.658659    -0.510364     0.211101
0.659660    -0.507994     0.208561
0.660661    -0.505915     0.206332
0.661662    -0.504134     0.204425
0.662663    -0.502662     0.202849
0.663664    -0.501506     0.201611
0.664665    -0.500672     0.200720
0.665666    -0.500169     0.200181
0.666667    -0.500000     0.200000
0.667665    -0.500169     0.200181
0.668663    -0.500678     0.200726
0.669661    -0.501529     0.201637
0.670659    -0.502724     0.202915
0.671657    -0.504260     0.204561
0.672655    -0.506139     0.206572
0.673653    -0.508356     0.208948
0.674651    -0.510908     0.211685
0.675649    -0.513792     0.214778
0.676647    -0.517002     0.218223
0.677645    -0.520532     0.222014
0.678643    -0.524375     0.226145
0.679641    -0.528523     0.230607
0.680639    -0.532970     0.235394
0.681637    -0.537706     0.240498
0.682635    -0.542723     0.245910
0.683633    -0.548012     0.251621
0.684631    -0.553564     0.257622
0.685629    -0.559369     0.263905
0.686627    -0.565420     0.270460
0.687625    -0.571705     0.277278
0.688623    -0.578216     0.284351
0.689621    -0.584944     0.291669
0.690619    -0.591881     0.299224
0.691617    -0.599017     0.307007
0.692615    -0.606344     0.315011
0.693613    -0.613853     0.323226
0.694611    -0.621537     0.331645
0.695609    -0.629388     0.340260
0.696607    -0.637399     0.349065
0.697605    -0.645562     0.358052
0.698603    -0.653870     0.367214
0.699601    -0.662316     0.376544
0.700599    -0.670895     0.386037
0.701597    -0.679600     0.395687
0.702595    -0.688426     0.405487
0.703593    -0.697366     0.415433
0.704591    -0.706415     0.425519
0.705589    -0.715568     0.435739
0.706587    -0.724820     0.446090
0.707585    -0.734167     0.456566
0.708583    -0.743603     0.467164
0.709581    -0.753126     0.477878
0.710579    -0.762730     0.488706
0.711577    -0.772411     0.499643
0.712575    -0.782167     0.510685
0.713573    -0.791992     0.521829
0.714571    -0.801885     0.533072
0.715569    -0.811841     0.544410
0.716567    -0.821858     0.555841
0.717565    -0.831932     0.567361
0.718563    -0.842061     0.578968
0.719561    -0.852241     0.590659
0.720559    -0.862471     0.602431
0.721557    -0.872747     0.614282
0.722555    -0.883068     0.626209
0.723553    -0.893430     0.638211
0.724551    -0.903832     0.650284
0.725549    -0.914272     0.662428
0.726547    -0.924746     0.674639
0.727545    -0.935255     0.686916
0.728543    -0.945794     0.699257
0.729541    -0.956364     0.711659
0.730539    -0.966961     0.724123
0.731537    -0.977584     0.736644
0.732535    -0.988232     0.749223
0.733533    -0.998902     0.761857
0.734531    -1.009594     0.774544
0.735529    -1.020306     0.787284
0.736527    -1.031036     0.800074
0.737525    -1.041783     0.812914
0.738523    -1.052545     0.825802
0.739521    -1.063322     0.838736
0.740519    -1.074111     0.851715
0.741517    -1.084912     0.864738
0.742515    -1.095724     0.877803
0.743513    -1.106545     0.890910
0.744511    -1.117374     0.904057
0.745509    -1.128211     0.917243
0.746507    -1.139053     0.930467
0.747505    -1.149900     0.943728
0.748503    -1.160751     0.957024
0.749501    -1.171605     0.970355
0.750499    -1.182461     0.983719
0.751497    -1.193318     0.997116
0.752495    -1.204175     1.010544
0.753493    -1.215031     1.024002
0.754491    -1.225885     1.037489
0.755489    -1.236737     1.051005
0.756487    -1.247585     1.064548
0.757485    -1.258429     1.078118
0.758483    -1.269268     1.091713
0.759481    -1.280101     1.105333
0.760479    -1.290927     1.118976
0.761477    -1.301746     1.132642
0.762475    -1.312557     1.146330
0.763473    -1.323358     1.160039
0.764471    -1.334150     1.173768
0.765469    -1.344932     1.187516
0.766467    -1.355703     1.201282
0.767465    -1.366462     1.215066
0.768463    -1.377209     1.228867
0.769461    -1.387942     1.242683
0.770459    -1.398663     1.256514
0.771457    -1.409368     1.270359
0.772455    -1.420059     1.284218
0.773453    -1.430734     1.298089
0.774451    -1.441393     1.311971
0.775449    -1.452036     1.325865
0.776447    -1.462661     1.339768
0.777445    -1.473268     1.353681
0.778443    -1.483857     1.367602
0.779441    -1.494427     1.381531
0.780439    -1.504977     1.395467
0.781437    -1.515507     1.409409
0.782435    -1.526017     1.423357
0.783433    -1.536505     1.437309
0.784431    -1.546972     1.451264
0.785429    -1.557417     1.465223
0.786427    -1.567839     1.479184
0.787425    -1.578238     1.493146
0.788423    -1.588613     1.507110
0.789421    -1.598964     1.521073
0.790419    -1.609291     1.535035
0.791417    -1.619592     1.548996
0.792415    -1.629868     1.562955
0.793413    -1.640118     1.576911
0.794411    -1.650342     1.590862
0.795409    -1.660539     1.604810
0.796407    -1.670708     1.618752
0.797405    -1.680850     1.632688
0.798403    -1.690963     1.646618
0.799401    -1.701048     1.660540
0.800399    -1.711104     1.674453
0.801397    -1.721131     1.688358
0.802395    -1.731128     1.702253
0.803393    -1.741094     1.716138
0.804391    -1.751030     1.730011
0.805389    -1.760935     1.743873
0.806387    -1.770809     1.757722
0.807385    -1.780651     1.771558
0.808383    -1.790461     1.785380
0.809381    -1.800238     1.799187
0.810379    -1.809982     1.812978
0.811377    -1.819693     1.826753
0.812375    -1.829371     1.840512
0.813373    -1.839014     1.854252
0.814371    -1.848624     1.867974
0.815369    -1.858198     1.881677
0.816367    -1.867738     1.895361
0.817365    -1.877242     1.909023
0.818363    -1.886711     1.922665
0.819361    -1.896144     1.936284
0.820359    -1.905540     1.949881
0.821357    -1.914900     1.963454
0.822355    -1.924223     1.977003
0.823353    -1.933508     1.990527
0.824351    -1.942756     2.004026
0.825349    -1.951966     2.017498
0.826347    -1.961138     2.030944
0.827345    -1.970271     2.044362
0.828343    -1.979366     2.057751
0.829341    -1.988422     2.071111
0.830339    -1.997438     2.084442
0.831337    -2.006414     2.097742
0.832335    -2.015351     2.111010
0.833333    -2.024247     2.124247
0.834331    -2.033103     2.137451
0.835329    -2.041918     2.150622
0.836327    -2.050692     2.163758
0.837325    -2.059424     2.176860
0.838323    -2.068115     2.189927
0.839321    -2.076764     2.202957
0.840319    -2.085371     2.215951
0.841317    -2.093936     2.228907
0.842315    -2.102458     2.241824
0.843313    -2.110938     2.254703
0.844311    -2.119374     2.267542
0.845309    -2.127767     2.280341
0.846307    -2.136116     2.293099
0.847305    -2.144421     2.305815
0.848303    -2.152682     2.318489
0.849301    -2.160899     2.331120
0.850299    -2.169072     2.343707
0.851297    -2.177200     2.356250
0.852295    -2.185282     2.368747
0.853293    -2.193320     2.381199
0.854291    -2.201312     2.393604
0.855289    -2.209258     2.405962
0.856287    -2.217159     2.418273
0.857285    -2.225014     2.430535
0.858283    -2.232822     2.442747
0.859281    -2.240584     2.454910
0.860279    -2.248299     2.467023
0.861277    -2.255967     2.479084
0.862275    -2.263588     2.491094
0.863273    -2.271162     2.503051
0.864271    -2.278688     2.514954
0.865269    -2.286167     2.526804
0.866267    -2.293598     2.538600
0.867265    -2.300980     2.550341
0.868263    -2.308315     2.562025
0.869261    -2.315601     2.573654
0.870259    -2.322838     2.585225
0.871257    -2.330027     2.596739
0.872255    -2.337167     2.608194
0.873253    -2.344258     2.619590
0.874251    -2.351299     2.630927
0.875250    -2.358291     2.642204
0.876248    -2.365233     2.653419
0.877246    -2.372126     2.664573
0.878244    -2.378968     2.675665
0.879242    -2.385760     2.686695
0.880240    -2.392502     2.697661
0.881238    -2.399194     2.708562
0.882236    -2.405835     2.719400
0.883234    -2.412425     2.730172
0.884232    -2.418965     2.740878
0.885230    -2.425453     2.751518
0.886228    -2.431890     2.762090
0.887226    -2.438276     2.772596
0.888224    -2.444610     2.783032
0.889222    -2.450893     2.793400
0.890220    -2.457124     2.803699
0.891218    -2.463303     2.813928
0.892216    -2.469430     2.824086
0.893214    -2.475505     2.834172
0.894212    -2.481528     2.844187
0.895210    -2.487498     2.854130
0.896208    -2.493415     2.864000
0.897206    -2.499280     2.873796
0.898204    -2.505092     2.883519
0.899202    -2.510851     2.893166
0.900200    -2.516557     2.902739
0.901198    -2.522210     2.912236
0.902196    -2.527810     2.921656
0.903194    -2.533356     2.931000
0.904192    -2.538848     2.940266
0.905190    -2.544287     2.949455
0.906188    -2.549672     2.958565
0.907186    -2.555004     2.967596
0.908184    -2.560281     2.976548
0.909182    -2.565505     2.985420
0.910180    -2.570674     2.994211
0.911178    -2.575789     3.002921
0.912176    -2.580849     3.011549
0.913174    -2.585855     3.020096
0.914172    -2.590806     3.028560
0.915170    -2.595703     3.036941
0.916168    -2.600545     3.045238
0.917166    -2.605332     3.053452
0.918164    -2.610064     3.061581
0.919162    -2.614741     3.069625
0.920160    -2.619363     3.077583
0.921158    -2.623930     3.085456
0.922156    -2.628441     3.093242
0.923154    -2.632897     3.100941
0.924152    -2.637298     3.108553
0.925150    -2.641643     3.116077
0.926148    -2.645932     3.123513
0.927146    -2.650165     3.130860
0.928144    -2.654343     3.138119
0.929142    -2.658465     3.145287
0.930140    -2.662531     3.152366
0.931138    -2.666540     3.159354
0.932136    -2.670494     3.166252
0.933134    -2.674392     3.173058
0.934132    -2.678233     3.179773
0.935130    -2.682018     3.186396
0.936128    -2.685746     3.192926
0.937126    -2.689418     3.199364
0.938124    -2.693034     3.205708
0.939122    -2.696593     3.211959
0.940120    -2.700095     3.218116
0.941118    -2.703541     3.224179
0.942116    -2.706929     3.230147
0.943114    -2.710261     3.236019
0.944112    -2.713536     3.241797
0.945110    -2.716755     3.247479
0.946108    -2.719916     3.253064
0.947106    -2.723020     3.258554
0.948104    -2.726067     3.263946
0.949102    -2.729056     3.269242
0.950100    -2.731989     3.274440
0.951098    -2.734864     3.279540
0.952096    -2.737682     3.284542
0.953094    -2.740443     3.289446
0.954092    -2.743146     3.294252
0.955090    -2.745791     3.298958
0.956088    -2.748380     3.303566
0.957086    -2.750910     3.308073
0.958084    -2.753383     3.312482
0.959082    -2.755799     3.316790
0.960080    -2.758156     3.320998
0.961078    -2.760457     3.325105
0.962076    -2.762699     3.329111
0.963074    -2.764883     3.333017
0.964072    -2.767010     3.336821
0.965070    -2.769079     3.340524
0.966068    -2.771090     3.344125
0.967066    -2.773043     3.347624
0.968064    -2.774938     3.351021
0.969062    -2.776775     3.354315
0.970060    -2.778554     3.357507
0.971058    -2.780275     3.360597
0.972056    -2.781937     3.363583
0.973054    -2.783542     3.366466
0.974052    -2.785089     3.369246
0.975050    -2.786577     3.371922
0.976048    -2.788008     3.374495
0.977046    -2.789380     3.376964
0.978044    -2.790694     3.379329
0.979042    -2.791949     3.381590
0.980040    -2.793147     3.383747
0.981038    -2.794286     3.385799
0.982036    -2.795366     3.387747
0.983034    -2.796389     3.389590
0.984032    -2.797353     3.391328
0.985030    -2.798259     3.392962
0.986028    -2.799106     3.394491
0.987026    -2.799895     3.395915
0.988024    -2.800626     3.397233
0.989022    -2.801298     3.398447
0.990020    -2.801912     3.399555
0.991018    -2.802467     3.400558
0.992016    -2.802964     3.401455
0.993014    -2.803402     3.402247
0.994012    -2.803782     3.402933
0.995010    -2.804104     3.403514
0.996008    -2.804367     3.403990
0.997006    -2.804572     3.404359
0.998004    -2.804718     3.404624
0.999002    -2.804806     3.404782
1.000000    -2.804835     3.404835
